@relation  glass
@attribute RI real[1.51115,1.53393]
@attribute Na real[10.73,17.38]
@attribute Mg real[0.0,4.49]
@attribute Al real[0.29,3.5]
@attribute Si real[69.81,75.41]
@attribute K real[0.0,6.21]
@attribute Ca real[5.43,16.19]
@attribute Ba real[0.0,3.15]
@attribute Fe real[0.0,0.51]
@attribute TypeGlass{1,2,3,4,5,6,7}
@inputs RI, Na, Mg, Al, Si, K, Ca, Ba, Fe
@outputs TypeGlass
@data
1.52222108, 13.21045, 3.7716, 0.79076, 71.9884, 0.13041, 10.2452, 0.0, 0.0, 1
1.51755118, 13.603772617609653, 3.65935, 1.1888, 72.7892, 0.57132, 8.27064, 0.0, 0.45011882461144564, 1
1.515706, 11.135728682725627, 3.46179, 2.58917069879574, 73.198, 5.363399792156042, 8.08772, 0.0, 0.12153227870388242, 1
1.52171992, 13.5097, 3.8614, 0.88064, 71.7924, 0.22977, 9.54032, 0.0, 0.47654653927929386, 1
1.51755118, 12.99765, 3.60098, 1.35893, 71.04581743902429, 0.57132, 11.954130979907731, 0.0, 0.0561, 1
1.51784732, 13.7745, 3.48873, 1.5546403582777457, 73.85415157177582, 4.022226921658085, 8.48584, 0.0, 0.0, 1
1.5157026239252538, 12.57205, 3.47077, 0.3285051535136311, 73.3884, 0.60237, 8.5504, 0.0, 0.0306, 1
1.52171992, 15.309018805962758, 3.74017, 1.4626180950348773, 72.0108, 0.18009, 9.60488, 0.0, 0.0357, 1
1.523236052254994, 14.049235315737135, 2.4071896375569493, 1.42955, 73.1476, 1.2524413710861564, 10.83836919652493, 1.1832080874552968, 0.0, 1
1.51796122, 12.7383, 0.15872882322145832, 1.3493, 72.9572, 0.63963, 8.67952, 0.0, 0.0, 1
1.51748284, 12.858, 3.56057, 1.26905, 71.87368807490536, 2.298951591076085, 15.450573790860497, 0.0, 0.0867, 1
1.5178638252103687, 12.7782, 3.61894, 1.29152, 72.7892, 0.58995, 8.70104, 0.0, 0.0, 1
1.5150857766122827, 13.46315, 3.82997, 1.25942, 72.5484, 0.57132, 8.20608, 0.0, 0.0714, 2
1.5159338, 13.25035, 3.44832, 1.42955, 73.17, 0.60858, 7.86176, 0.0, 0.0, 2
1.51789288, 13.467665219881493, 3.90181, 1.30115, 72.33, 0.28713246283753135, 8.4428, 0.0, 0.1428, 2
1.51818902, 12.6186, 1.545649967581418, 0.82928, 73.07774706711707, 0.34776, 9.42196, 0.0, 0.102, 2
1.51846238, 13.0974, 3.96916, 1.1888, 72.442, 0.5145817588909021, 8.43204, 0.0, 0.0, 2
1.51841682, 13.0176, 2.293389586150504, 1.0604, 72.3412, 0.63963, 9.13144, 0.0, 0.11991973465073848, 2
1.52739214, 11.0226, 0.0, 0.74903, 73.0804, 0.0, 14.96336, 0.0, 0.0, 2
1.5335639737418654, 13.33015, 1.5396081618940478, 1.4585650987407577, 72.778, 3.4937759352228084, 15.92645272945437, 0.16492534306946335, 0.0, 2
1.51591102, 13.0176, 3.57853, 1.5098, 73.1196, 0.68931, 7.9586, 0.0, 0.0, 2
1.51841682, 12.93115, 0.28301019404153577, 1.10855, 72.2796, 0.63963, 8.95928, 0.0, 0.1122, 2
1.51800678, 13.7092, 3.92875, 1.53869, 71.8092, 0.54027, 15.469957042541346, 0.0, 0.26175434935645997, 2
1.51591102, 12.8181, 3.52016, 1.90142, 73.39512291637834, 0.68931, 7.96936, 0.0, 0.0, 2
1.5241671632096538, 12.5521, 3.47975, 1.86932, 73.2316, 0.62721, 8.07696, 2.8992787546942194, 0.459, 2
1.51654886, 12.7516, 2.85115, 1.43918, 73.2708, 0.57132, 6.728642202778403, 0.11025, 0.1122, 2
1.51846238, 13.40995, 0.9227004924539245, 0.549411935529069, 72.3804, 0.50922, 8.2814, 0.5245143407430766, 0.0, 2
1.52210718, 14.188, 1.647193526138364, 0.9777718416759213, 71.3612, 0.22977, 9.1422, 0.0, 0.1887, 3
1.520742983934561, 13.64935, 3.65935, 1.10855, 72.7724, 0.11178, 15.490675656716498, 0.0, 0.0, 3
1.51654886, 13.40995, 3.38995, 1.27868, 72.638, 1.2922015856164977, 8.64724, 0.3004652799690294, 0.0, 3
1.52119598, 12.97105, 0.32777, 1.5098, 70.47349587381433, 2.4437524420683627, 11.27268, 1.5178740322747906, 0.1428, 5
1.51666276, 13.336318485796525, 2.271166580613043, 1.8308, 73.8812, 0.96876, 5.995910568387692, 0.0, 0.10428909311869393, 5
1.52058092, 14.254705239065155, 1.61191, 2.17106, 72.1788, 0.75762, 9.70172, 0.2394, 0.2601, 5
1.5196925, 11.495334151712091, 0.0, 0.55964, 69.90396743646217, 0.0, 11.21888, 0.0, 0.0, 6
1.51682222, 14.5604, 0.0, 1.97846, 73.2876, 0.0, 8.51812, 1.5687, 0.0357, 7
1.51645774, 14.93945, 0.0, 1.053062870822163, 73.1084, 0.0, 8.66876, 1.3797, 0.408723598140926, 7
1.516711128718588, 11.406842047094099, 1.83192, 1.31078, 70.90179949171184, 0.3105, 6.697327763891622, 1.67895, 0.0, 7
1.51609326, 15.126, 0.0, 2.51132, 73.0524, 0.04968, 8.83016, 2.436385195640937, 0.4816760259404956, 7
1.51602492, 14.853, 0.0, 1.7494473642831314, 73.282, 0.0, 8.75484, 0.63945, 0.459, 7
1.51566044, 13.29025, 3.44832, 1.21127, 72.7388, 0.5589, 8.57192, 0.0, 0.0, 1
1.5190091, 13.48975, 3.47975, 1.3493, 71.9492, 0.55269, 9.00232, 0.0, 0.3885979695195793, 1
1.530925129538275, 12.93115, 3.53812, 1.61894, 74.58317266184211, 0.63963, 8.03392, 2.7056970874908606, 0.1071, 2
1.51613882, 13.8821, 1.77804, 1.78907, 73.0972, 0.0, 8.66876, 1.299823288246948, 0.0, 7
1.52099096, 13.68925, 3.592, 1.12139, 72.77706876916976, 0.08694, 9.40044, 0.0, 0.0, 1
1.5195612560608776, 12.7915, 3.5022, 1.12139, 73.03, 0.63963, 8.7656, 0.0, 0.0, 1
1.5215149, 13.05085, 4.255880367543055, 0.87101, 72.218, 0.19251, 9.85236, 0.0, 0.20234466038698906, 1
1.51734616, 13.0176, 3.53812, 2.696565186136068, 72.82176818697987, 0.54027, 8.4428, 0.0, 0.0357, 1
1.51777898, 13.21045, 3.38995, 1.33004, 72.7612, 0.58995, 8.59344, 0.0, 0.0, 1
1.5215149, 13.05085, 3.65037, 0.87101, 72.3188, 0.19251, 9.85236, 0.0, 0.0867, 1
1.51761952, 12.81145, 3.53812, 0.7710967818789874, 73.2372, 0.57753, 13.003562695415123, 0.3564842078849869, 0.0, 1
1.51750562, 12.8181, 2.4823925020108915, 1.49054, 72.75, 0.54027, 8.51812, 0.9615038135930671, 0.0969, 1
1.524152010236057, 13.9885, 3.3778255238518646, 0.71051, 71.39466223831863, 0.5510426989200159, 9.82008, 0.0, 0.051, 1
1.51925968, 15.848099845530953, 3.33158, 1.27868, 72.358, 0.60237, 9.1422, 0.0, 0.39765432839227244, 1
1.51618438, 13.52965, 0.5495580315961405, 1.53869, 72.9908, 5.783186990889531, 7.358164566766509, 0.0, 0.0, 1
1.51768786, 12.65185, 3.56057, 1.30115, 73.0804, 3.553875899560255, 8.69028, 2.8833447261674667, 0.0714, 1
1.51768786, 14.664959984963051, 0.6647649638668554, 1.29152, 73.702, 0.5589, 9.05612, 0.0, 0.1224, 1
1.51645774, 13.308579478717544, 3.55159, 1.24979, 72.8116, 0.6831, 8.09848, 0.0, 0.0, 2
1.5233745956584914, 13.8023, 3.15198, 2.4405670716172474, 70.5716, 0.08073, 11.63852, 0.0, 0.0, 2
1.5305066864192338, 12.99765, 3.57853, 1.53869, 72.8284, 0.60858, 8.04468, 0.0, 0.0, 2
1.523848839828125, 13.01095, 3.5022, 1.48091, 72.96718228294448, 0.60237, 8.12, 0.11457756065404451, 0.0, 2
1.5170728, 13.7225, 3.6818, 1.81154, 72.0612, 0.63963, 7.88328, 0.022052470099193155, 0.0, 2
1.5274959613733705, 12.9378, 0.42111247761899434, 1.25942, 72.75, 0.5589, 13.674391099932695, 0.0, 0.0, 2
1.51689056, 13.33015, 3.53812, 1.60931, 72.5428, 6.152906229187014, 8.10924, 0.0, 0.06243160744021451, 2
1.5293679388137436, 13.23705, 3.90181, 1.41029, 72.33, 0.55269, 8.284358786599329, 0.0, 0.04545612900877747, 2
1.51839404, 12.85135, 3.66833, 1.24016, 75.12655390293257, 0.621, 8.67952, 0.0, 0.1785, 2
1.5159338, 13.09075, 3.592, 1.2999984697438773, 73.01794562380945, 0.67068, 7.82948, 0.14699704132438568, 0.0, 2
1.5184396, 16.48443701016587, 3.75813, 1.0829821058136835, 72.4028, 0.57753, 8.31107011755022, 0.0, 0.40571909235457865, 2
1.51632106, 17.34361648448827, 3.56955, 1.57079, 72.8676, 0.60858, 7.89404, 0.5096040128054107, 0.0, 2
1.53393, 12.2994, 0.0, 0.99941, 70.1628, 0.07256828618295684, 7.047475866595627, 0.0, 0.1224, 2
1.5120512960992105, 12.63855, 0.0, 0.66878, 70.81454720002705, 0.0621, 14.40384, 0.0, 0.10823073656257026, 2
1.51591102, 13.23705, 3.34056, 1.47128, 73.0972, 0.39123, 8.21684, 0.0, 0.31513685458459356, 2
1.52121876, 14.0284, 3.75813, 0.5789, 71.7924, 0.11178, 9.64792, 0.0, 0.0, 3
1.51796122, 13.50305, 1.6873030308301802, 2.207986672110387, 71.938, 0.57132, 8.80864, 0.17817022655582293, 0.459, 3
1.527354248221443, 13.33015, 3.34056, 1.53869, 72.1396, 0.5589, 8.99156, 0.0, 0.0, 3
1.5132002, 12.99765, 2.273781542026853, 3.0185, 70.7004, 6.21, 13.06449301346077, 0.0, 0.0, 5
1.52042146, 13.3767, 0.0, 1.40066, 72.2516, 4.05403466674826, 12.49932, 0.0, 0.0, 5
1.51828014, 14.46065, 2.24051, 1.61894, 72.3804, 0.0, 9.26056, 0.0, 0.0, 6
1.51299518, 14.4008, 1.74212, 1.53869, 74.5476, 0.3852835210215495, 7.59276, 0.0, 0.0, 6
1.51652608, 14.513285962902774, 0.0, 1.1888, 75.1804, 2.70135, 8.927, 1.4697094313729808, 0.17127086294378874, 7
1.52064926, 16.141877979061537, 0.0, 1.7952566612268, 73.422, 1.1314265757662771, 10.3677893389896, 1.64115, 0.0, 7
1.51545542, 14.14145, 0.0, 2.68145, 73.3884, 0.08073, 7.791867135791543, 0.6111, 0.0255, 7
1.5171867, 14.75325, 0.0, 2.00093, 70.24548915843374, 0.0, 8.52888, 1.59075, 0.0408, 7
1.51727782, 14.754044067953723, 0.0, 2.34119, 73.282, 0.0, 8.94852, 0.6615, 0.0, 7
1.51766508, 13.21045, 3.69078, 0.9399972874834195, 72.61, 0.06622401367552205, 8.21684, 0.0, 0.0, 1
1.51643496, 11.571367969403827, 3.52016, 1.1182038983442364, 73.08113729772883, 0.57132, 8.52888, 0.0, 0.26255407664984326, 3
1.52247166, 14.85965, 4.41388140692466, 2.05871, 70.258, 0.75762, 9.75552, 0.0, 0.0, 7
1.5176423, 12.9777, 3.53812, 2.356462080673422, 72.97665552499859, 0.0023437296814154203, 8.52888, 0.0, 0.0, 1
1.51755118, 13.1506, 3.60996, 1.05077, 73.2372, 0.57132, 8.23836, 0.0, 0.20258454139637402, 1
1.5203944780643015, 13.106884878165294, 3.958102462549718, 1.23053, 72.078, 0.58995, 8.90548, 0.0, 0.0, 1
1.51976084, 13.80895, 3.57853, 1.32041, 71.7196, 0.11799, 8.66876, 0.68985, 0.0, 1
1.51761952, 13.88875, 3.60098, 2.5737734148334184, 72.7276, 0.47817, 7.82948, 0.0, 0.0, 1
1.52210718, 13.72915, 3.83895, 0.8302281488734828, 71.7588, 0.16767, 9.74476, 0.0, 0.0, 1
1.51919134, 14.417, 3.57853, 2.3738832196509194, 73.20019130063015, 1.2487593176562244, 8.30292, 0.0, 0.0, 1
1.51595658, 12.7915, 3.60996, 1.61894, 72.9684, 1.0285171740358967, 8.0662, 0.0, 0.1326, 1
1.51910022, 13.88875, 0.7442570288745355, 1.32041, 71.8092, 0.50922, 8.77636, 1.987561567462413, 0.22784263738147975, 1
1.51869018, 13.265945455971162, 3.37199, 1.17917, 74.48447080590633, 0.57132, 8.83016, 0.42771456496038346, 0.0816, 1
1.52101374, 13.6427, 4.49, 1.09892, 71.7812, 0.0621, 8.75484, 0.0, 0.0, 1
1.5151279102536053, 12.001097256213217, 0.20096106867561145, 1.31078, 73.2876, 0.57753, 8.4966, 0.0, 0.0, 1
1.5174145, 13.2703, 3.61894, 1.24016, 73.0804, 0.55269, 8.0662, 0.0, 0.435485101979106, 1
1.5115432296836036, 12.7117, 3.42138, 1.19843, 73.198, 0.58995, 8.63648, 0.0, 0.0, 1
1.5159338, 13.09075, 3.52016, 1.55153, 72.8676, 2.2984543564213564, 8.04468, 0.0, 0.459, 2
1.51588824, 13.11735, 3.40791, 1.58042, 73.2596, 0.06831, 11.987970029636745, 0.0, 0.0969, 2
1.52408904, 13.8289, 2.2543826247738634, 1.16954, 71.1484, 0.08073, 10.78848, 0.0, 0.0962916427818806, 2
1.51652608, 14.029836007878146, 3.56955, 1.47128, 69.97894360803276, 0.63963, 7.9586, 0.0, 0.0, 2
1.51812068, 13.4299, 3.97814, 1.17917, 70.26276448550931, 0.57753, 8.15228, 1.0927919683961178, 0.5095594025984312, 2
1.5166172, 12.85135, 3.51118, 1.43918, 73.0076, 0.6831, 8.2276, 0.5985, 0.1275, 2
1.51572878, 14.85965, 3.66833, 1.74092, 71.8708, 0.16146, 7.35604, 0.0, 0.0612, 2
1.5204159938294082, 13.520219438248365, 3.79854, 1.07966, 73.0692, 0.5589, 8.37824, 2.2563781420598685, 0.36528429747915, 2
1.51568322, 14.694673306144464, 0.9685170595460845, 0.7061870794059213, 75.30728187040827, 0.37881, 8.03392, 0.0, 0.0, 2
1.53124196, 10.73, 0.0, 2.10044, 69.81, 0.57753, 13.47998112622881, 0.005559564243433896, 0.1428, 2
1.52067204, 13.5496, 2.08785, 1.6703, 72.1788, 0.52785, 9.5726, 0.2709, 0.0867, 2
1.5177562, 13.52965, 3.40791, 1.51943, 72.0388, 0.57753, 9.034586472046698, 0.0, 0.0, 3
1.529811564001064, 13.1373, 3.44832, 1.76018, 72.4812, 0.60237, 15.756758618859287, 0.0, 0.0867, 3
1.51609326, 13.42325, 3.39893, 1.0420783861614946, 72.6884, 0.58995, 7.103608425695824, 0.0, 0.0, 3
1.5215149, 11.02925, 0.7472194708458193, 1.56116, 73.4388, 0.57753, 11.617, 0.0, 0.0, 5
1.51994308, 13.2703, 0.0, 1.76018, 73.03, 2.03843265097319, 11.31572, 0.7189313877068766, 0.0, 5
1.52171992, 13.028411523073077, 0.4414494325340375, 1.3490708899425974, 72.862, 0.47196, 11.41256, 0.0, 0.3988575376288168, 5
1.51937358, 13.789, 2.521306069630968, 1.1888, 72.7612, 0.0, 9.76628, 0.0, 0.0, 6
1.51130946, 13.68925, 3.20137, 1.81154, 72.8116, 1.75743, 13.038090422956294, 1.1907, 0.0, 7
1.5175514760155187, 14.883839423415214, 0.0, 1.93994, 73.07950711814442, 0.0, 8.47508, 1.5687, 0.0, 7
1.5151365, 14.853, 0.0, 2.42144, 73.7188, 0.0, 8.908315815748255, 3.017452530147846, 0.0, 7
1.5304828343152936, 14.2013, 0.0, 2.79059, 74.94495194938382, 2.622915923898787, 9.04536, 0.40005, 0.459, 7
1.51830292, 16.36721588011533, 0.0, 1.82117, 72.862, 2.5787157800325, 10.16693676184326, 2.8791, 0.0, 7
1.5143401766923792, 14.95275, 0.0, 1.7987, 71.28962925319551, 0.0, 8.61496, 1.5498, 0.26370838429166665, 7
1.51709558, 12.99765, 3.47077, 1.78907, 72.722, 0.65826, 8.18456, 2.3724717135477045, 0.0, 2
1.51689056, 12.6718, 2.87809, 3.154589316804099, 73.2092, 2.728704176314339, 8.53964, 0.0, 0.0, 2
1.5266404, 11.22875, 0.0, 1.0888566478548702, 73.2092, 0.0, 15.631705838488813, 0.0, 0.0, 2
1.5150470982857043, 12.95775, 2.95891, 1.42955, 72.918, 0.60237, 8.78712, 0.1386, 0.24058009326005822, 2
1.51916856, 14.1481, 1.123886366007823, 2.09081, 72.7388, 4.652384249435827, 10.88532, 2.596412697328816, 0.0, 6
1.51588824, 12.87795, 3.43036, 1.40066, 73.282, 0.68931, 11.239001223670552, 0.0, 0.1224, 1
1.52212996, 14.20795, 3.82099, 0.46976, 71.77, 0.11178, 9.5726, 0.0, 0.0, 1
1.51720948, 16.079494025891062, 3.5022, 2.503213285331897, 72.8508, 0.50301, 8.43204, 0.0, 0.0, 1
1.51746006, 12.506688504516308, 3.5022, 3.4514704887316263, 73.2708, 0.9457649351553444, 8.5504, 0.0, 0.0, 1
1.5214488514343647, 12.81145, 3.56955, 1.3493, 73.0188, 0.621, 10.70356742116473, 0.0, 0.0, 1
1.5177562, 12.85135, 3.47975, 0.8518960844194274, 72.9684, 0.60858, 13.617752759360652, 0.09135, 0.1122, 1
1.51755118, 12.879042854481153, 3.74017, 1.16954, 71.47257987042484, 0.58995, 8.03392, 0.0, 0.43867466935391414, 1
1.51743728, 13.2969, 3.60098, 1.14065, 73.0916, 0.57753, 8.1738, 0.22547569673635895, 0.0, 1
1.52320062, 13.7225, 2.3007594927262423, 0.51149, 71.7476, 0.08694, 10.568, 0.0, 0.0816, 1
1.51807512, 13.4299, 2.4344292093241657, 1.1888, 72.8396, 0.55269, 9.0346, 0.0, 0.0, 1
1.5215149, 13.11735, 3.57853, 0.8999, 72.2012, 0.22977, 9.82008, 0.0, 0.0816, 1
1.51905466, 13.6028, 3.61894, 1.10855, 72.638, 0.14283, 8.75484, 3.017723473282001, 0.0, 1
1.52613924, 13.70255, 0.0, 1.35893, 71.238, 0.19251, 13.43544, 0.0, 0.39493631476418495, 2
1.51645774, 13.4432, 3.60996, 1.53869, 74.5202080380335, 0.65826, 8.03392, 0.0, 0.35195970660586834, 2
1.5231446049162594, 12.19965, 3.25076, 1.15991, 75.00780532205425, 0.621, 8.89472, 2.4751381996146256, 0.1224, 2
1.516992072137348, 13.78235, 0.7994750867247291, 1.42955, 71.9884, 0.49059, 14.139152764461274, 0.0, 0.3842103979164293, 2
1.51711836, 12.89125, 3.61894, 0.39494992405524243, 75.24673839732928, 4.566373103530233, 8.10924, 0.0, 0.0, 2
1.51613882, 13.922, 3.52016, 1.24979, 72.8788, 1.7041725513465171, 7.93708, 0.0, 0.0714, 2
1.51591102, 12.858, 3.52016, 2.1197, 71.87056312463724, 0.68931, 7.96936, 1.5779098436417778, 0.0, 2
1.5205104570456502, 16.850138598377846, 1.9830087353878212, 1.48091, 72.8396, 2.176753387746111, 8.09848, 0.0, 0.4998650393169059, 2
1.5170728, 13.4831, 3.47975, 2.792283351193714, 72.5204, 0.621, 7.99088, 0.0, 0.0, 2
1.5167311, 13.2969, 3.64139, 1.52906, 72.5316, 0.65205, 8.03392, 0.0, 0.1479, 2
1.52176548, 13.19715, 3.6818, 1.15028, 73.83261797227492, 0.54027, 8.51812, 0.0, 0.0, 2
1.51408862, 15.124775344162428, 3.08912, 2.08118, 72.2796, 1.09917, 6.645215742600899, 0.0, 0.0, 2
1.51659442, 12.991, 3.17892, 1.23053, 72.9684, 0.57753, 8.80864, 1.350707702001256, 0.1224, 2
1.5206582268118878, 13.33015, 3.52914, 1.33967, 72.6716, 0.5589, 8.3352, 0.0, 0.0, 3
1.51777898, 13.6427, 3.65037, 0.7782895572665821, 73.002, 0.0621, 8.927, 0.0, 0.0, 3
1.5193508, 13.6427, 3.53812, 3.4960134433642995, 72.6492, 3.898513928025149, 5.506220602410896, 0.1512, 0.1224, 3
1.5151365, 12.277134565805815, 2.68053, 3.5, 69.8884, 1.68291, 5.87116, 2.1987, 0.0, 5
1.51315464, 13.0176, 0.0, 3.04097, 70.482, 6.21, 6.95792, 0.0, 0.0, 5
1.51115, 17.38, 3.133906226077561, 0.34136, 75.41, 0.0, 6.64588, 0.0, 0.4026369188545823, 6
1.51887242, 14.99265, 0.78126, 1.74092, 72.498, 0.0, 9.9492, 0.0, 0.0, 6
1.5218167828946716, 14.2279, 0.0, 2.08118, 73.3604, 2.932103640779877, 8.61496, 2.362347102272871, 0.0, 7
1.516845, 14.9195, 3.76731846459846, 1.9913, 73.58, 0.0, 8.39976, 1.59075, 0.0, 7
1.5188162201823123, 13.889659226625147, 2.6232231059910784, 0.9184084059829842, 72.61, 0.08073, 9.18524, 1.06155, 0.0, 7
1.51837126, 14.321, 3.25974, 2.21921, 74.4077325597307, 4.119945487279898, 5.78508, 2.18956709628449, 0.17595361149542818, 7
1.51657164, 14.7998, 0.6923203486442381, 1.9913, 73.1084, 0.0, 8.893566534273226, 1.71045, 0.0, 7
1.51777898, 13.21045, 2.81074, 1.29152, 72.9796, 0.50922, 9.02384, 0.0, 0.459, 1
1.5174251960306697, 14.3609, 3.84793, 0.89027, 71.3612, 0.14904, 9.15296, 0.0, 0.0, 1
1.51848516, 13.6427, 3.87038, 1.26905, 71.9604, 0.54027, 8.32444, 2.1762972524334434, 0.1632, 2
1.51850794, 11.841182957447876, 3.62792, 1.07003, 72.65075692976842, 6.062817835165844, 8.41052, 0.09135, 0.0867, 2
1.5196925, 12.63855, 0.0, 1.65104, 73.7524, 0.37881, 14.721739796356237, 0.0, 0.2592510476008177, 5
