@relation  yeast
@attribute Mcg real[0.11,1.0]
@attribute Gvh real[0.13,1.0]
@attribute Alm real[0.21,1.0]
@attribute Mit real[0.0,1.0]
@attribute Erl real[0.5,1.0]
@attribute Pox real[0.0,0.83]
@attribute Vac real[0.0,0.73]
@attribute Nuc real[0.0,1.0]
@attribute Class{MIT,NUC,CYT,ME1,ME2,ME3,EXC,VAC,POX,ERL}
@inputs Mcg, Gvh, Alm, Mit, Erl, Pox, Vac, Nuc
@outputs Class
@data
0.64, 0.62, 0.49, 0.15, 0.5, 0.0, 0.53, 0.88053688474012, MIT
0.34436847706892726, 0.44, 0.57, 0.13, 0.5, 0.0, 0.54, 0.22, NUC
0.55, 0.5, 0.66, 0.36, 0.5, 0.0, 0.49, 0.22, MIT
0.41, 0.53, 0.45, 0.14, 0.5, 0.0, 0.52, 0.66, ME3
0.6587852926013957, 0.46, 0.55, 0.43, 0.9089712778592881, 0.0, 0.55, 0.38027926357003844, NUC
0.34, 0.7281973688905586, 0.6820734148128129, 0.09, 0.5, 0.0, 0.55, 0.22, CYT
0.12634931529088628, 0.49, 0.58, 0.23, 0.5, 0.4978516024066721, 0.44, 0.01456728414971551, MIT
0.28, 0.58, 0.21, 0.13, 0.8371529993221986, 0.0, 0.51, 0.22, ME3
0.8, 0.63, 0.47887285992942585, 0.29, 0.5, 0.4861964488137039, 0.51, 0.22, EXC
0.78, 0.75, 0.7519141322471933, 0.8267257194562642, 0.5, 0.0, 0.3290672806485247, 0.22, MIT
0.1703198831552453, 0.20158107322677532, 0.8172417395508945, 0.27, 0.9662101906645602, 0.0, 0.37, 0.22, CYT
0.5312948757785594, 0.32, 0.57, 0.19, 0.5, 0.0, 0.48, 0.55, NUC
0.35310710589939426, 0.51, 0.5, 0.16, 0.5, 0.0, 0.52, 1.0, NUC
0.64, 0.62, 0.29, 0.5744391029175462, 0.5, 0.0, 0.51, 0.22, MIT
0.55, 0.53, 0.55, 0.46, 0.5, 0.0, 0.52, 0.18584859468644685, MIT
0.4, 0.62, 0.40230185831717724, 0.3689139590991926, 0.5, 0.08226931760838938, 0.3395093068456066, 0.31, CYT
0.35, 0.17460907781138296, 0.54, 0.48664961207812873, 0.5, 0.0, 0.043466288590213814, 0.22, NUC
0.34, 0.54, 0.5, 0.21, 0.5148266521317015, 0.0, 0.54, 0.31, CYT
0.48, 0.54, 0.5, 0.17, 0.5, 0.0, 0.53, 0.47117507515269685, NUC
0.64, 0.6, 0.57, 0.19, 0.5, 0.5064236695986296, 0.43, 0.22, NUC
0.39, 0.43463961180640376, 0.46972715231583617, 0.31, 0.5, 0.7369925582378619, 0.54, 0.29, CYT
0.44, 0.39, 0.6172027129603557, 0.14, 0.5, 0.0, 0.54, 0.44, CYT
0.45, 0.43, 0.51, 0.24, 0.5, 0.22875955080817445, 0.6330556127785368, 0.33, CYT
0.71, 0.59, 0.48, 0.43, 0.5, 0.39720111807743114, 0.59, 0.22, MIT
0.44, 0.38, 0.968080726619363, 0.32, 0.5, 0.83, 0.53, 0.22, POX
0.39, 0.4, 0.53, 0.67, 0.5, 0.0, 0.22965342042493947, 0.22, CYT
0.43, 0.57, 0.889753994485306, 0.53, 0.6522792327805141, 0.0, 0.53, 0.25, CYT
0.59, 0.5, 0.52, 0.28, 0.5, 0.0, 0.55, 0.9353687367251535, CYT
0.37, 0.42, 0.51, 0.11, 0.5, 0.0, 0.25322630288852993, 0.22, CYT
0.75, 0.7, 0.38, 0.27, 0.5, 0.0, 0.1605281618611254, 0.22, ME1
0.22871807921880813, 0.57, 0.44, 0.37, 0.5, 0.44476446908776757, 0.52, 0.25, MIT
0.5, 0.526986247444755, 0.44, 0.5, 0.5, 0.0, 0.3711201683387906, 0.6764586103792439, MIT
0.4149419621133576, 0.4, 0.56, 0.7, 0.5, 0.0, 0.5, 0.22, MIT
0.67, 0.68, 0.46, 0.29, 0.6843667247296233, 0.3787725378011289, 0.46, 0.22, MIT
0.53, 0.51, 0.46, 0.28, 0.5595142159283892, 0.0, 0.48, 0.22, CYT
0.47, 0.54, 0.37, 0.14, 0.5, 0.0, 0.5, 0.22, ME3
0.23313392834810864, 0.41, 0.58, 0.21, 0.6054517980910492, 0.0, 0.42, 0.22, CYT
0.34, 0.36, 0.54, 0.11, 0.5, 0.0, 0.36, 0.21, NUC
0.69, 0.61, 0.38, 0.27, 0.5, 0.30996842548017584, 0.52, 0.9423904609732308, ME2
0.37, 0.53, 0.6, 0.19, 0.6717576777263912, 0.5, 0.42, 0.30591230054989277, POX
0.82, 0.21903280390171168, 0.49, 0.23, 0.5, 0.0, 0.13763147360357258, 0.22, EXC
0.37677952915820745, 0.51, 0.75, 0.17, 0.8554304611998216, 0.0, 0.55, 0.9464638659140244, CYT
0.53, 0.8148698853316879, 0.8924295964237371, 0.33, 0.5, 0.34581563588832864, 0.52, 0.5893348563903326, MIT
0.53, 0.53, 0.6, 0.13, 0.5, 0.0, 0.49, 0.9650594564073391, MIT
0.49264583436368165, 0.8354811065423957, 0.59, 0.22, 0.5, 0.0, 0.46, 0.22, CYT
0.41, 0.24, 0.54, 0.26, 0.5, 0.0, 0.41, 0.22, NUC
0.47, 0.65, 0.54, 0.62, 0.5246492460194624, 0.0, 0.53, 0.36, MIT
0.53, 0.6414223800509755, 0.759767826499829, 0.2300530302408275, 0.79476365139586, 0.0, 0.55, 0.3, NUC
0.46, 0.35, 0.6061175812282874, 0.16, 0.5, 0.0, 0.51, 0.29, CYT
0.45, 0.56, 0.54, 0.2804782642704617, 0.5, 0.0, 0.57, 0.22, CYT
0.71, 0.56, 0.39, 0.2406685359870709, 0.5, 0.3762800081438105, 0.07408981408087764, 0.22, ME2
0.57, 0.4725999093923252, 0.44, 0.16, 0.5, 0.14067130257624, 0.52, 0.22, ME2
0.36, 0.46, 0.43, 0.19, 0.5388893908911593, 0.0, 0.48, 0.22, ME3
0.8003855643818121, 0.4679822612176608, 0.42, 0.22, 0.5, 0.0, 0.48, 0.22, ME3
0.81, 0.82, 0.7446315352745894, 0.36, 0.5, 0.23550536137435243, 0.39, 0.22, EXC
0.24094212606571197, 0.48, 0.44, 0.21, 0.5, 0.0, 0.55, 0.22, POX
0.74, 0.72, 0.47, 0.25, 0.5, 0.0, 0.57, 0.5255638939620842, ME1
0.84, 0.66, 0.36, 0.78, 0.5, 0.0, 0.49, 0.5, ME1
0.62, 0.58, 0.52, 0.15, 0.5, 0.0, 0.52, 0.29, CYT
0.56, 0.59, 0.53, 0.16, 0.5, 0.0, 0.24, 0.42, NUC
0.44, 0.44, 0.49, 0.15, 0.9308753327771265, 0.826010014874863, 0.46, 0.27, NUC
0.6454795735831093, 0.68, 0.57, 0.4, 0.5, 0.0, 0.53, 0.36, NUC
0.32, 0.38, 0.52, 0.2, 0.5931866798999689, 0.0, 0.3832425026347028, 0.28, CYT
0.45, 0.56, 0.8631900723751611, 0.293695529525563, 0.737258778940248, 0.0, 0.52, 0.22, CYT
0.31770168620573863, 0.54, 0.59, 0.14, 0.5, 0.0, 0.52, 0.27, NUC
0.5562854425903143, 0.51, 0.54, 0.15, 0.9960963694602476, 0.8006035098178785, 0.45, 0.26, NUC
0.6, 0.4, 0.4181836350863296, 0.18, 0.5, 0.0, 0.48, 0.22, CYT
0.38, 0.47, 0.53, 0.1915382924935637, 0.5, 0.0, 0.48, 0.5387553853305884, CYT
0.34, 0.66, 0.51, 0.08168104153165617, 0.5, 0.0, 0.47, 0.33, NUC
0.6, 0.48, 0.44, 0.52, 0.5, 0.0, 0.54, 0.63, NUC
0.48, 0.9028205970727886, 0.47, 0.14, 0.9001253788359755, 0.3517172706992638, 0.47, 0.634954073847028, CYT
0.48, 0.46, 0.38, 0.29, 0.5, 0.0, 0.53, 0.22, ME3
0.8809119117052555, 0.48, 0.58, 0.22, 0.5, 0.0, 0.5, 0.28, NUC
0.29, 0.68, 0.47, 0.26, 0.5, 0.0, 0.47, 0.37, NUC
0.43, 0.39, 0.51, 0.28, 0.5, 0.0, 0.5619875272787147, 0.22, NUC
0.61, 0.54, 0.49, 0.2603158080625152, 0.5, 0.7644350166210054, 0.54, 0.42, CYT
0.34, 0.35, 0.61, 0.19, 0.5, 0.1883773883917316, 0.52, 0.25, NUC
0.37, 0.62, 0.27888706981178535, 0.25, 0.5, 0.0, 0.51, 0.22, ME3
0.34, 0.34, 0.4194789896485114, 0.33085957130670074, 0.5, 0.0, 0.52, 0.32, NUC
0.34, 0.4, 0.3, 0.23, 0.5, 0.0, 0.51, 0.22, ME3
0.1486923858846287, 0.57, 0.3, 0.17, 0.5, 0.0, 0.51, 0.438685982124574, ME3
0.5, 0.53, 0.45, 0.44, 0.5, 0.0, 0.49, 0.22, MIT
0.67, 0.51, 0.8592681067318814, 0.28, 0.5, 0.0, 0.51, 0.22, MIT
0.59, 0.57, 0.46, 0.14, 0.5, 0.0, 0.52, 0.22, MIT
0.42, 0.32, 0.61, 0.13, 0.5, 0.0, 0.14, 0.27, NUC
0.4, 0.51, 0.42, 0.13, 0.5, 0.36707497156157043, 0.45, 0.2596846032561, ME3
0.65, 0.61, 0.39, 0.3, 0.5, 0.0, 0.57, 0.28, ME3
0.9401942956215223, 0.8698957914858814, 0.33, 0.38, 1.0, 0.0, 0.55, 0.25, ERL
0.53, 0.5, 0.3837743548964556, 0.3608319036105722, 0.5, 0.0, 0.17659413473601315, 0.6692752159827564, MIT
0.36, 0.35, 0.9467568963851679, 0.22, 0.5, 0.0, 0.44, 0.31, ME3
0.87, 0.83, 0.751200410095323, 0.3076948554505815, 0.5, 0.0, 0.36, 0.5400024001812568, EXC
0.43, 0.45, 0.54, 0.14, 0.5, 0.0, 0.5, 0.31, CYT
0.77, 0.6, 0.42, 0.33, 0.5, 0.0, 0.3038020610562065, 0.9534549005221238, ME2
0.58, 0.6132478402096889, 0.2982702452103305, 0.37, 0.5, 0.0, 0.6973415183223182, 0.3, ME2
0.94, 0.6, 0.3030112699612536, 0.49, 0.5, 0.6039843867006676, 0.54, 0.22, ME2
0.43, 0.38, 0.51, 0.24, 0.5491582314831107, 0.0, 0.46, 0.33, NUC
0.54, 0.8933044427338299, 0.49, 0.14, 0.5, 0.0, 0.56, 0.22, CYT
0.53, 0.44, 0.47, 0.22, 0.8951620055351318, 0.0, 0.1810031318876434, 0.22, NUC
0.5707449498168996, 0.47, 0.46, 0.16, 0.5, 0.0, 0.51, 0.22, CYT
0.62, 0.64, 0.9098802806273755, 0.2, 0.8731512936933784, 0.16287708952857113, 0.48, 0.33, NUC
0.46, 0.32, 0.58, 0.1592569516876845, 0.5, 0.14475599093939084, 0.61, 0.433454681055959, NUC
0.8849003470467637, 0.62, 0.65, 0.18, 0.5, 0.0, 0.46, 0.43, NUC
0.5, 0.62, 0.35087129355428537, 0.66, 0.5, 0.0, 0.49, 0.22, MIT
0.21845353739532958, 0.8361582520432207, 0.52, 0.36, 0.702845403971813, 0.0, 0.48, 0.56, NUC
0.45, 0.48, 0.63, 0.67, 0.5, 0.0, 0.41321798510924396, 0.22, MIT
0.5, 0.5128043606068949, 0.59, 0.47, 0.5, 0.0, 0.49, 0.36, MIT
0.43, 0.4636532757719171, 0.59, 0.13, 0.5, 0.587274974455888, 0.4816487940590942, 0.43, NUC
0.6, 0.59, 0.45, 0.23, 0.8078068601451365, 0.48170274551066167, 0.55, 0.22, MIT
0.4917475417167292, 0.55, 0.61, 0.13, 0.5, 0.0, 0.47, 0.22, CYT
0.89, 0.52, 0.41, 0.26, 0.5, 0.0, 0.52, 0.11153557037737583, ME2
0.4, 0.14735927256926878, 0.5, 0.82, 0.5, 0.0, 0.44, 0.36, MIT
0.51, 0.42, 0.56, 0.38, 0.5, 0.2348553236142861, 0.46, 0.7805398238777509, MIT
0.6, 0.51, 0.6, 0.38, 0.5, 0.83, 0.52, 0.24, MIT
0.56, 0.5, 0.61, 0.49, 0.5, 0.0, 0.46, 0.28, MIT
0.3309127076740639, 0.38, 0.56, 0.22334751561827668, 0.5, 0.0, 0.48, 0.22, MIT
0.55, 0.5, 0.6, 0.31, 0.5, 0.7551175707078346, 0.46, 0.27, MIT
0.65, 0.53, 0.55, 0.52, 0.5, 0.25462820454375545, 0.5472775316558027, 0.27, MIT
0.58, 0.53, 0.5, 0.53, 0.5, 0.817513457966855, 0.47, 0.31, MIT
0.4, 0.74, 0.49, 0.49086809193037173, 0.5, 0.0, 0.51, 0.22, MIT
0.51, 0.56, 0.51, 0.42, 0.9713353839403334, 0.0, 0.53, 0.36, MIT
0.52, 0.38, 0.62, 0.12, 0.5, 0.16382630620706506, 0.41, 0.28, NUC
0.63, 0.6, 0.5, 0.27, 0.5, 0.0, 0.0025651560799603247, 0.22, MIT
0.61, 0.5538191110766071, 0.47, 0.49, 0.5, 0.11526060381328235, 0.54, 0.22, MIT
0.58, 0.38, 0.3360100305536785, 0.21, 0.5, 0.0, 0.5, 0.22, CYT
0.53, 0.41, 0.2936711930934506, 0.27046682039985126, 1.0, 0.0, 0.47, 0.22, CYT
0.58, 0.56, 0.2733196956415939, 0.25, 0.5, 0.0, 0.5336987132145322, 0.35, NUC
0.49, 0.8877405257261685, 0.55, 0.17, 0.5, 0.0, 0.2973510505439134, 0.22, CYT
0.2835330864469365, 0.63, 0.52, 0.2, 0.5, 0.0, 0.34, 0.20607627676941367, NUC
0.8120828664680204, 0.440011025415736, 0.45, 0.14, 0.5, 0.0, 0.47, 0.22, CYT
0.35, 0.8486500208658748, 0.44, 0.27, 0.5, 0.0, 0.51, 0.7023924646671844, CYT
0.44, 0.34, 0.61, 0.13, 0.5, 0.0, 0.49, 0.26, NUC
0.64, 0.76, 0.51, 0.596500364969601, 0.5, 0.24721606065221502, 0.46, 0.22, NUC
0.7, 0.51, 0.47, 0.24, 0.5, 0.0, 0.14776655634347502, 0.5175206047756412, NUC
0.25, 0.36, 0.58, 0.3, 0.5, 0.0, 0.4932917108440985, 0.31, NUC
0.41, 0.49, 0.58, 0.22, 0.5175747410435171, 0.0, 0.52, 0.22, MIT
0.56, 0.48, 0.5, 0.8642029931918259, 0.5, 0.0, 0.51, 0.22, CYT
0.6667941059281104, 0.68, 0.52, 0.39, 0.5, 0.5504419839965278, 0.36, 0.22, MIT
0.5, 0.57, 0.62, 0.25, 0.5, 0.0, 0.14857708737919506, 0.22, MIT
0.41, 0.48, 0.54, 0.24, 0.5115556238478878, 0.0, 0.37, 0.51, NUC
0.74, 0.72, 0.5, 0.28, 0.5, 0.0, 0.49, 0.27, EXC
0.31, 0.5121397231477638, 0.34, 0.19, 0.5, 0.703478853687057, 0.55, 0.3, ME3
0.77, 0.8237611697180572, 0.51, 0.28, 0.5, 0.0, 0.33, 0.22, EXC
0.49, 0.6, 0.3, 0.34, 0.788186695377386, 0.0, 0.24650814909406663, 0.5339231264157973, ME3
0.37, 0.51, 0.39, 0.18, 0.5, 0.0, 0.51, 0.27, ME3
0.27616301347412237, 0.49, 0.9032508472011542, 0.26, 0.5, 0.0, 0.22366569013652987, 0.26, ME3
0.27719828469147867, 0.16144837821401853, 0.5, 0.0704809418112228, 0.8491625232503662, 0.0, 0.5, 0.28, NUC
0.38, 0.8321367247104963, 0.6, 0.1, 0.5, 0.0, 0.06679982441170136, 0.6566231738907805, NUC
0.33, 0.21, 0.53, 0.15, 0.6664095864785857, 0.4683276667348871, 0.52, 0.5, NUC
0.49, 0.45, 0.57, 0.24, 0.9086835614658622, 0.0, 0.03638760706092874, 0.7445773102214042, NUC
0.4, 0.28, 0.48, 0.06, 0.5, 0.0, 0.5801944521279527, 0.42, NUC
0.45, 0.45, 0.6946379140169914, 0.2359974759714672, 0.5, 0.0, 0.691469592920381, 0.22, CYT
0.28, 0.51, 0.5985699421117477, 0.6363774336959183, 0.5, 0.0, 0.7286166758389716, 0.22, CYT
0.7637877844771808, 0.27, 0.5, 0.4842918760805139, 0.5, 0.0, 0.53, 0.26, CYT
0.36, 0.33, 0.38, 0.15, 0.9757238818508862, 0.0, 0.43813782929865125, 0.225968343491193, ME3
0.5157492525632841, 0.43, 0.5, 0.7904634661484657, 0.8385462382199583, 0.0, 0.18904649290234002, 0.31, CYT
0.68, 0.7986819052134366, 0.44, 0.31, 0.5, 0.6067768711728921, 0.51, 0.22, MIT
0.39, 0.2667590054582709, 0.59, 0.08, 0.515860336836395, 0.0, 0.6650389936438387, 0.3394475309968571, NUC
0.47, 0.8370579162722123, 0.48, 0.40472192140406044, 0.5, 0.7299130605882762, 0.46, 0.32303166746232465, NUC
0.52, 0.5, 0.51, 0.5863802790610074, 0.6120775603018882, 0.0, 0.51, 0.22, NUC
0.36, 0.48, 0.5, 0.723209123062717, 0.5, 0.0, 0.2758747795680246, 0.6828715597937981, NUC
0.31, 0.39, 0.55, 0.5228859166435166, 0.5, 0.0, 0.6238387781111148, 0.31, NUC
0.6492773972403438, 0.61, 0.7583221934801718, 0.23, 0.5, 0.0, 0.52, 0.61, NUC
0.4, 0.9965984505290627, 0.5, 0.7364078242649342, 0.5, 0.0, 0.51, 0.22, CYT
0.7086948589046241, 0.46, 0.54, 0.8559902195949085, 0.5, 0.0, 0.51, 0.3, NUC
0.45, 0.66, 0.8341599032315797, 0.11, 0.5, 0.0, 0.3046287154417086, 0.22, ME3
0.55, 0.45, 0.58, 0.25, 0.5, 0.0, 0.49, 0.7658227648972121, NUC
0.45, 0.52, 0.5, 0.12, 0.5, 0.0, 0.6, 0.22, CYT
0.56, 0.49, 0.31585495692348453, 0.15, 0.5, 0.0, 0.5, 0.31328256528668164, NUC
0.38, 0.44, 0.55, 0.44, 0.5, 0.0, 0.47, 0.51, NUC
0.27, 0.9210981870561602, 0.55, 0.13, 0.5, 0.0, 0.5, 0.22, NUC
0.5, 0.56, 0.63, 0.25, 0.5, 0.0, 0.42, 0.22, NUC
0.4988611163941354, 0.51, 0.6023242044687095, 0.8480463230162967, 0.5, 0.0, 0.54, 0.3697825857367792, CYT
0.61, 0.48, 0.6661759889349751, 0.19, 0.5, 0.0, 0.53, 0.31, CYT
0.37, 0.44, 0.64, 0.48, 0.5, 0.0, 0.6313754873935541, 0.27, CYT
0.63, 0.64, 0.6162914298931815, 0.26, 0.5, 0.5182802760643606, 0.43, 0.22, CYT
0.4134687582434781, 0.21, 1.0, 0.8, 0.5, 0.0, 0.13, 0.7586875792496576, CYT
0.56, 0.35, 0.47, 0.4587764827205745, 0.5, 0.0, 0.5, 0.5807375532064442, CYT
0.52, 0.43, 0.61, 0.22, 0.6644209003225949, 0.0, 0.45, 0.22, CYT
0.52, 0.5576822157734265, 0.61, 0.22, 0.5, 0.0, 0.45, 0.22, CYT
0.32, 0.7760807694019938, 0.54, 0.26963216072638335, 0.5, 0.0, 0.5340464407820362, 0.19, CYT
0.48, 0.1968303521202948, 0.6197805682545948, 0.33, 0.5, 0.0, 0.51, 0.26422919641813014, CYT
0.46, 0.54, 0.59, 0.41, 0.5, 0.0, 0.53, 0.21, CYT
0.38, 0.7535221492647012, 0.52, 0.44, 0.8097901735011931, 0.0, 0.54, 0.11, CYT
0.37, 0.3, 0.62, 0.43, 0.5, 0.0, 0.44, 0.39, CYT
0.77, 0.86, 0.44, 0.27, 0.5, 0.3494572458135563, 0.48, 0.9644397566943522, ME1
0.5, 0.48, 0.48, 0.901527548418736, 0.9613307464079304, 0.0, 0.53, 0.68, CYT
0.52, 0.54, 0.47, 0.392845304308656, 0.5, 0.0, 0.54, 0.22, MIT
0.49, 0.38, 0.47510684956682536, 0.09, 0.5, 0.0, 0.46, 0.22, CYT
0.41, 0.49, 0.47, 0.09, 0.5, 0.0, 0.49, 0.22, CYT
0.41, 0.4, 0.56, 0.17, 0.7867042367082797, 0.0, 0.56, 0.22, CYT
0.39, 0.7362533910098145, 0.9116665316842651, 0.6487818550432058, 0.5, 0.0, 0.5, 0.22, ME2
0.39, 0.7075892847677667, 0.3272822876244975, 0.2, 0.5, 0.0, 0.43, 0.47, CYT
0.77, 0.82, 0.4, 0.36, 0.5, 0.0, 0.38, 0.22, ME1
0.42, 0.28, 0.33, 0.5797783999191081, 0.5, 0.0, 0.39, 0.26, ME3
0.5708149147105438, 0.37, 0.46, 0.32146951773238125, 0.5, 0.34240647527212426, 0.52, 0.99, NUC
0.48, 0.5, 0.47, 0.29, 0.5, 0.0, 0.21806228729385468, 0.7558185445973227, NUC
0.49, 0.6074958119698557, 0.52, 0.18, 0.5, 0.0, 0.51, 0.25, NUC
0.770699363465118, 0.59, 0.5943572912258928, 0.15, 0.5, 0.0, 0.54, 0.22, MIT
0.7, 0.8599744182429218, 0.34, 0.19, 0.5, 0.0, 0.53, 0.27, ME2
0.47, 0.44, 0.25715008041056575, 0.18, 0.5241625185646495, 0.0, 0.47, 0.29, NUC
0.42, 0.5196415168139249, 0.49, 0.07262151387348341, 0.5, 0.39759563815025506, 0.55, 0.34, NUC
0.47, 0.21419373873718867, 0.47, 0.298454548767408, 0.5, 0.0, 0.53, 0.9640792412599734, NUC
0.33, 0.47, 0.3379804122396699, 0.24, 0.5, 0.0, 0.45, 0.67, NUC
0.55, 0.4, 0.62, 0.5592222147526271, 0.5, 0.0, 0.37, 0.28, NUC
0.54, 0.47, 0.58, 0.4, 0.5, 0.3608411512153319, 0.46, 0.27, MIT
0.46, 0.5, 0.5, 0.28, 0.5, 0.0, 0.5, 0.7308008933278735, NUC
0.38, 0.58, 0.46, 0.21, 0.5, 0.0, 0.52, 0.22, NUC
0.55, 0.47, 0.53, 0.2, 0.6702874934231601, 0.0, 0.7115701098673907, 0.22, NUC
0.47, 0.32, 0.51, 0.24, 0.5, 0.0, 0.54, 0.27, NUC
0.61, 0.5, 0.61, 0.21, 0.5, 0.0, 0.55, 0.54, CYT
0.52, 0.9195918049196693, 0.55, 0.16, 0.5, 0.38569258611548984, 0.53, 0.39, CYT
0.41, 0.42, 0.23, 0.16, 0.5, 0.0, 0.4, 0.22, ME3
0.4, 0.22746983038202623, 0.6575873179658286, 0.17, 0.9494238636571504, 0.0, 0.57, 0.22, ME3
0.36, 0.37, 0.63, 0.25, 0.5, 0.0, 0.3, 0.22, CYT
0.49, 0.2615153955182795, 0.41, 0.7757344054467358, 0.5, 0.09193823612340218, 0.48, 0.31, ME3
0.88, 0.72, 0.32, 0.3, 0.5, 0.0, 0.52, 0.33, ME1
0.28, 0.18, 0.72, 0.26, 0.5, 0.0, 0.49, 0.25, MIT
0.7933175760794705, 0.43, 0.32, 0.11, 0.5, 0.0, 0.49, 0.22, VAC
0.75, 0.76, 0.58, 0.22, 0.5, 0.3677947808703861, 0.5948844942089367, 0.22, EXC
0.4039015592131534, 0.59, 0.55, 0.21, 0.9959023101245756, 0.0, 0.52, 0.22, CYT
0.5, 0.49, 0.7967079484408507, 0.5165164388056184, 0.5, 0.0, 0.53, 0.25, CYT
0.62, 0.42, 0.9866185828895817, 0.16, 0.5, 0.35261480320305905, 0.52, 0.22, CYT
0.5, 0.45, 0.8362668849588993, 0.18, 0.6705585818669196, 0.0, 0.52, 0.22, CYT
0.59, 0.51, 0.47, 0.21, 0.5, 0.30999505331972493, 0.5513227949969756, 0.22, CYT
0.49, 0.3737986320126333, 0.9750242219248377, 0.24, 0.7124455717188413, 0.0, 0.7294775527830881, 0.7211851109101403, CYT
0.57, 0.35, 0.5, 0.43, 0.5, 0.0, 0.53, 0.22, CYT
0.6424612097797127, 0.51, 0.52, 0.13, 0.5, 0.0, 0.51, 0.33, NUC
0.63, 0.43, 0.48, 0.11, 0.9843609139752483, 0.0, 0.51, 0.22, CYT
0.63, 0.43, 0.48, 0.11, 0.6929169793596763, 0.0, 0.51, 0.22, CYT
0.55, 0.79, 0.45, 0.25, 0.9279492373876155, 0.0, 0.51, 0.22, NUC
0.33650662365055334, 0.31, 0.57, 0.15, 0.5, 0.0, 0.5, 0.22, CYT
0.33, 0.36, 0.62, 0.26, 0.5, 0.0, 0.55, 0.22, CYT
0.47, 0.56, 0.58, 0.8177924227942229, 0.6012059757721624, 0.0, 0.44, 0.14687224480949163, CYT
0.4, 0.56, 0.53, 0.15, 0.7420781691889461, 0.2004260266270549, 0.5436525288605254, 0.22, CYT
0.44, 0.49, 0.49, 0.32676757972845055, 0.5, 0.0, 0.52, 0.13817102837799375, CYT
0.8895734230544355, 0.46, 0.54, 0.18, 0.5, 0.0, 0.5000501412293059, 0.22, CYT
0.59, 0.48, 0.5781171417930436, 0.22404147340544533, 0.5, 0.37256530432555945, 0.48, 0.56, ME3
0.4767535743342604, 0.46, 0.53, 0.35546956173038796, 0.5, 0.0, 0.5, 0.9101605214900711, CYT
0.8284812543910186, 0.5, 0.48, 0.34, 0.5, 0.0, 0.52, 0.039683202058003096, NUC
0.36, 0.52, 0.61, 0.33, 0.5, 0.0, 0.52, 0.812338386618611, NUC
0.52, 0.21438589190467866, 0.48, 0.12, 0.5, 0.0, 0.54, 0.22216487238699684, CYT
0.47, 0.46, 0.49, 0.9305576050958032, 0.5, 0.438327080753708, 0.59, 0.22, CYT
0.55, 0.44, 0.5, 0.09, 0.5, 0.0, 0.55, 0.22, VAC
0.66, 0.37, 0.21890165277498347, 0.25, 0.6863741159174531, 0.0, 0.69, 0.22, MIT
0.789188018196539, 0.49, 0.48, 0.55, 0.5, 0.07091775752392544, 0.52, 0.58, CYT
0.9587398169163475, 0.68, 0.35, 0.16, 0.6667781181556122, 0.0, 0.62, 0.22, VAC
0.57, 0.7375138691667267, 0.32, 0.15, 0.5, 0.0, 0.52, 0.25, VAC
0.46, 0.52, 0.9255787691952612, 0.13, 0.5, 0.0, 0.47, 0.22, CYT
0.26884213850108024, 0.52, 0.49, 0.27, 0.5, 0.0, 0.51, 0.43588002664872444, CYT
0.54, 0.44, 0.38, 0.5455991373270748, 0.5, 0.6632826128795936, 0.54, 0.3, ME3
0.8, 0.16757706604841563, 0.4, 0.31, 0.5, 0.0, 0.35683384261718804, 0.25, ME1
0.4, 0.4, 0.43, 0.19, 0.5, 0.6248823242878733, 0.48, 0.3100722295488399, POX
0.77, 0.7, 0.37, 0.7425901751831616, 0.5, 0.0, 0.36333274659312625, 0.26, ME1
0.47, 0.61, 0.32, 0.27, 0.5, 0.0, 0.5, 0.16991788455516052, ME3
0.55, 0.35, 0.36, 0.850733947905417, 0.5, 0.0, 0.51, 0.22, ME3
0.32, 0.45, 0.8594480818741601, 0.14, 0.5, 0.45721936130831464, 0.6632946960961666, 0.22, ME3
0.6631058347488534, 0.14583738264065174, 0.42, 0.18, 0.5, 0.0, 0.54, 0.27, ME3
0.47, 0.4, 0.63, 0.19, 0.5, 0.0, 0.52, 0.32, NUC
0.38, 0.44, 0.57, 0.14, 0.5, 0.0, 0.53, 0.37751038358023165, NUC
0.63, 0.1476180972106797, 0.44, 0.9895272012775594, 0.5, 0.0, 0.5236740562654273, 0.22, ME2
0.9002969700727372, 0.4859778019403987, 0.46, 0.13, 0.5, 0.0, 0.48, 0.22, MIT
0.34, 0.24, 0.51, 0.15, 0.8444527437315446, 0.0, 0.54, 0.4, NUC
0.1612753429359932, 0.4, 0.39, 0.19, 0.5241063421182582, 0.0, 0.46, 0.6307287250251343, NUC
0.59, 0.67, 0.54, 0.19, 0.5, 0.14963639177140697, 0.48, 0.6, NUC
0.38, 0.4, 0.66, 0.35, 0.5, 0.0, 0.43, 0.11, CYT
0.65, 0.54, 0.54, 0.13, 0.5, 0.0, 0.53, 0.22, CYT
0.2407129282878509, 0.42, 0.52, 0.903692763043496, 0.5, 0.0, 0.56, 0.22, CYT
0.58, 0.51, 0.6080121101969881, 0.27, 0.5, 0.0, 0.57, 0.29, CYT
0.63, 0.57, 0.59, 0.4, 0.5, 0.0, 0.38, 0.22, MIT
0.48, 0.23, 0.57, 0.27, 0.5, 0.0, 0.48, 0.47, NUC
0.59, 0.6, 0.49, 0.2407391127759449, 0.5, 0.0, 0.1739349660076981, 0.31, MIT
0.37, 0.46, 0.4, 0.27, 0.5, 0.23099248057720073, 0.45, 0.6118524378658861, NUC
0.42, 0.31, 0.62, 0.12, 0.5, 0.0, 0.4, 0.22, MIT
0.8, 0.7566924550260167, 0.5, 0.15, 0.9964297406832756, 0.17677308877389253, 0.53, 0.22, CYT
0.35, 0.39, 0.2111390832790963, 0.11, 0.5, 0.0, 0.6561648786547978, 0.22, NUC
0.29, 0.4713940698796404, 0.4, 0.15, 0.5921089094113812, 0.0, 0.7083716808488526, 0.22, ME3
0.4, 0.34, 0.52, 0.17, 0.5, 0.0, 0.6814758018640512, 0.51, NUC
0.6615427563575894, 0.34, 0.58, 0.6816467902813216, 0.504218029907024, 0.0, 0.44, 0.18, NUC
0.18753430181824005, 0.4978138841427429, 0.9947647557628259, 0.35, 0.5, 0.0, 0.47, 0.8225627527159086, NUC
0.66, 0.62, 0.7439027202371281, 0.17, 0.6188425894637691, 0.0, 0.49, 0.22, CYT
0.7691401982026035, 0.5, 0.34, 0.26, 0.5, 0.625284797154666, 0.51, 0.22, ME3
0.75, 0.66, 0.64, 0.39, 0.5, 0.0, 0.46, 0.9992198082616599, MIT
0.31, 0.42, 0.48, 0.5521693477761395, 0.5980502431276371, 0.0, 0.49, 0.53, NUC
0.9801049242331891, 0.46, 0.26, 0.18, 0.5, 0.0, 0.10379613016354762, 0.22, VAC
0.45, 0.53, 0.47, 0.43, 0.5, 0.0, 0.5, 0.27, MIT
0.69, 0.9192334701561448, 0.5, 0.3, 0.5, 0.0, 0.54, 0.22, VAC
0.6604474854214227, 0.1424530637572643, 0.54, 0.11, 0.5, 0.0, 0.6120590497860823, 0.22, CYT
0.38, 0.38, 0.54, 0.24, 0.5, 0.0, 0.54, 0.22, NUC
0.41, 0.49, 0.65, 0.28, 0.5439395265523204, 0.6459878906132626, 0.59, 0.57, CYT
0.54, 0.44, 0.35, 0.19, 0.5, 0.0, 0.51, 0.27, ME3
0.64, 0.31, 0.53, 0.15, 0.5, 0.0, 0.53, 0.31, CYT
0.42563187474981695, 0.7590386394665201, 0.39, 0.4724445532710395, 0.5, 0.0, 0.3284553033063317, 0.22, ME3
0.54, 0.43, 0.9194769190762837, 0.27, 0.5, 0.0, 0.44, 0.41, CYT
0.56, 0.46, 0.9231759926614296, 0.25, 0.5, 0.0, 0.54, 0.09448886385524852, CYT
0.4, 0.43, 0.49, 0.7181261474541683, 0.5, 0.0, 0.51, 0.36, NUC
0.9060404022145179, 0.29, 0.46, 0.14, 0.5, 0.0, 0.12966018410857305, 0.66, NUC
0.2168496770078432, 0.903291634661912, 0.36, 0.19, 0.5, 0.0, 0.56, 0.22, ME2
0.43, 0.67, 0.48, 0.8585313986657493, 0.566321797451545, 0.1794713550641833, 0.679173385747516, 0.22, MIT
0.6669248803534835, 0.4, 0.56, 0.17, 0.5, 0.5, 0.49, 0.22, CYT
0.745645793291192, 0.39, 0.6, 0.15, 0.5, 0.0, 0.58, 0.7079489800864712, CYT
0.42, 0.37, 0.9055587510940523, 0.2, 0.6307996693371795, 0.0, 0.52, 0.29, NUC
0.46, 0.44, 0.52, 0.11, 0.5, 0.0, 0.5, 0.22, CYT
0.47, 0.39, 0.5, 0.11, 0.5, 0.0, 0.49, 0.4, CYT
0.58, 0.47, 0.54, 0.11, 0.5, 0.0, 0.51, 0.26, NUC
0.45, 0.7073332200425987, 0.708815244070444, 0.16, 0.8226695286162825, 0.0, 0.5, 0.22, CYT
0.59, 0.53, 0.43, 0.44, 0.615099043379328, 0.0, 0.5, 0.22, MIT
0.1539540982837682, 0.53, 0.53, 0.14511388706628092, 0.9854501730262885, 0.0, 0.53, 0.38594816168443025, MIT
0.64, 0.59, 0.56, 0.23, 0.5, 0.0, 0.46, 0.22, CYT
0.38, 0.49, 0.36885796805351456, 0.19, 0.5, 0.10088938179213772, 0.5, 0.49022444768115514, CYT
0.45, 0.58, 0.48, 0.67, 0.5855051643647032, 0.0, 0.52, 0.22, MIT
0.37, 0.32, 0.47, 0.18, 0.5, 0.0, 0.45, 0.6854845843476906, NUC
0.6, 0.9207739853162258, 0.44, 0.61, 0.5, 0.0, 0.47, 0.22, MIT
0.33, 0.7569436914676203, 0.64, 0.16, 0.5, 0.0, 0.52, 0.52, NUC
0.49, 0.61, 0.49, 0.25, 0.5, 0.0, 0.5, 0.6804795567133649, CYT
0.47, 0.8975826418720145, 0.5, 0.7145690619280956, 0.5, 0.0, 0.2229083383485927, 0.22, CYT
0.47, 0.39, 0.55, 0.24, 0.5, 0.0, 0.47, 0.22, CYT
0.44, 0.59, 0.36, 0.23381277621579655, 0.5, 0.0, 0.5211620301430026, 0.22, ME3
0.9577493952023214, 0.45, 0.8424828507570742, 0.6, 0.5, 0.0, 0.49, 0.22, MIT
0.47, 0.41, 0.66, 0.26, 0.7801430921024044, 0.0, 0.53, 0.22, MIT
0.53, 0.51, 0.55, 0.05, 0.5, 0.0, 0.45, 0.25, NUC
0.29, 0.32, 0.58, 0.15, 0.5, 0.0, 0.5, 0.3, CYT
0.54, 0.49, 0.49, 0.2, 0.5, 0.0, 0.52, 0.22, CYT
0.42, 0.51, 0.3067412426221979, 0.12, 0.998200234840205, 0.0, 0.52, 0.46, NUC
0.57, 0.51, 0.5764034294747755, 0.18, 0.5, 0.0, 0.56, 0.6402236702014281, NUC
0.49, 0.31, 0.49, 0.35, 0.5, 0.0, 0.51, 0.29, NUC
0.37, 0.58, 0.8310090215343537, 0.51, 0.5, 0.0, 0.44, 0.22, MIT
0.35, 0.66, 0.49, 0.21, 0.5, 0.0, 0.54, 0.25, CYT
0.5582414275799509, 0.24788966492234954, 0.6, 0.12, 0.5, 0.0, 0.55, 0.22, CYT
0.3965904813601147, 0.41, 0.59, 0.24, 0.5, 0.0, 0.4, 0.22, CYT
0.7114011873680636, 0.6796952792209795, 0.607139834665493, 0.12, 0.5, 0.0, 0.51, 0.020086885900256896, NUC
0.31, 0.46, 0.54, 0.52, 0.5, 0.0, 0.5, 0.34, NUC
0.38, 0.3977970719937694, 0.9208162145271935, 0.17, 0.5, 0.0, 0.55, 0.47782105847211115, CYT
0.44, 0.68, 0.45, 0.51, 0.7826571667759347, 0.0, 0.52, 0.41, MIT
0.55, 0.452314844043533, 0.7107114185324663, 0.3, 0.5, 0.0, 0.22143244846291663, 0.22, ME3
0.36, 0.68, 0.27719235258577213, 0.08, 0.5, 0.49274355026258704, 0.53, 0.25, VAC
0.43, 0.39, 0.54, 0.14, 0.5, 0.0, 0.08026944557909609, 0.5193871312121365, NUC
0.54, 0.42, 0.41, 0.7411170924876623, 0.7280251015275775, 0.0, 0.52, 0.17151591674692834, ME2
0.37, 0.53, 0.46, 0.23, 0.5, 0.0, 0.5348314931790418, 0.3349350274854654, NUC
0.58, 0.3134131141573687, 0.43, 0.12, 0.9821695905370101, 0.0, 0.55, 0.22, ME3
0.54, 0.65, 0.49, 0.34, 0.5, 0.24454028183234397, 0.52, 0.22, CYT
0.58, 0.53, 0.38, 0.18, 0.5, 0.0, 0.52, 0.22, ME3
0.35, 0.6, 0.4690856725813555, 0.3825207509525401, 0.5, 0.0, 0.52, 0.43, NUC
0.35, 0.46, 0.49, 0.15, 1.0, 0.0, 0.55, 0.35, CYT
0.63, 0.62, 0.42, 0.8233839137999769, 0.5, 0.0, 0.6985148981536075, 0.25, CYT
0.71, 0.59, 0.53, 0.15, 0.5, 0.7100586977740886, 0.49, 0.8901338490867368, CYT
0.46, 0.9501384835550885, 0.9611470112020958, 0.7306098746439931, 0.5, 0.0, 0.055559714156100455, 0.22, ME3
0.35, 0.56, 0.36, 0.11878127281525667, 0.5, 0.0, 0.09126946949895226, 0.25, ME3
0.51, 0.58, 0.54, 0.29, 0.5, 0.0, 0.53, 0.22, CYT
0.44, 0.51, 0.37, 0.15, 0.5, 0.0, 0.51, 0.22, ME3
0.42, 0.39, 0.47, 0.13, 0.5, 0.0, 0.11167605899546204, 0.27, CYT
0.17, 0.38, 0.45, 0.09, 0.5, 0.0, 0.54, 0.27, NUC
0.48, 0.39, 0.49, 0.18, 0.5, 0.0, 0.51, 0.22, CYT
0.74, 0.53, 0.5, 0.08, 0.5, 0.0, 0.55, 0.3867164983848847, CYT
0.69, 0.6972710177435705, 0.38, 0.15, 0.5, 0.0, 0.12284057041929117, 0.22, ME2
0.7613131062316971, 0.5, 0.47, 0.11, 0.6162318180120159, 0.0, 0.46, 0.22, CYT
0.4, 0.48, 0.7503469871055211, 0.17, 0.5, 0.4799665427347567, 0.54, 0.5, CYT
0.47, 0.49, 0.693748297715501, 0.17, 0.5, 0.0, 0.31, 0.10125950330432028, NUC
0.18219471268639775, 0.43, 0.6563798175906715, 0.6292368908480827, 0.5, 0.0, 0.58, 0.22, CYT
0.46, 0.45, 0.56, 0.16, 0.5, 0.0, 0.56, 0.22, CYT
0.5, 0.45, 0.49, 0.8943754278343113, 0.5, 0.8225609859341199, 0.55, 0.43, NUC
0.33, 0.28, 0.46319003684054827, 0.24, 0.5, 0.4141743971580114, 0.53, 0.22, ME3
0.7254023941525729, 0.8474002092535142, 0.8610988892966646, 0.19, 0.5, 0.0, 0.54, 0.47, CYT
0.51, 0.68, 0.49, 0.59, 0.5, 0.0, 0.54, 0.27, MIT
0.55, 0.49, 0.5, 0.46, 0.5, 0.0, 0.52, 0.25, MIT
0.8125983285537451, 0.8265322882836993, 0.52, 0.16, 0.5, 0.0, 0.52, 0.26, CYT
0.4297969918744166, 0.49, 0.47, 0.22, 0.5, 0.17379459012620957, 0.6693203812347074, 0.28, MIT
0.43, 0.51, 0.6, 0.25, 0.5, 0.0, 0.55, 0.5445404861924565, CYT
0.68, 0.719918362959269, 0.43, 0.27, 0.8076095869316742, 0.0, 0.61, 0.22, ME2
0.4709411982681931, 0.53, 0.47, 0.26, 0.5, 0.0, 0.53, 0.31, NUC
0.54, 0.51, 0.54, 0.6906375926198991, 0.5, 0.0, 0.47, 0.25, MIT
0.86, 0.92, 0.5, 0.37, 1.0, 0.0, 0.2471222681824868, 0.32, ERL
0.42, 0.51, 0.39, 0.22, 0.7728156278079412, 0.0, 0.49, 0.26, ME3
0.51, 0.43, 0.47, 0.19, 0.5, 0.0, 0.52, 0.37, CYT
0.6217849295800051, 0.53, 0.43, 0.17, 0.5, 0.0, 0.54, 0.75, NUC
0.39, 0.37, 0.5013219973564432, 0.23, 0.6939800590495533, 0.0, 0.6231396680192881, 0.9390014370295688, ME3
0.48, 0.51, 0.57, 0.24, 0.5, 0.7173571476124593, 0.5, 0.22, CYT
0.68, 0.9623753540083708, 0.51, 0.7835152521225427, 0.5718920302046211, 0.83, 0.54, 0.22, POX
0.9830527348474256, 0.16009673166789504, 0.7757836879826578, 0.44, 0.9378184963571417, 0.0, 0.5949165260710093, 0.22, ME3
0.49, 0.44, 0.45, 0.8497446458436886, 0.8599985339352858, 0.0, 0.51, 0.22, CYT
0.46, 0.57, 0.52, 0.28, 0.5, 0.2525581270392421, 0.7131933390100471, 0.02337238821745207, NUC
0.53, 0.48, 0.45, 0.44, 0.5, 0.16309955421907352, 0.49, 0.27, MIT
0.7, 0.53, 0.968219966513156, 0.22, 0.5, 0.0, 0.51, 0.28, NUC
0.68, 0.4254416339810569, 0.49, 0.15, 0.5, 0.0, 0.53, 0.48951079963927874, EXC
0.47, 0.6, 0.35, 0.4013477460018703, 0.5, 0.0, 0.52, 0.3475824618590024, ME3
0.55, 0.49, 0.45, 0.18, 0.5, 0.0, 0.49, 0.22, NUC
0.4, 0.47, 0.48, 0.18, 0.5, 0.7285341195875159, 0.46, 0.22, CYT
0.8, 0.81, 0.55, 0.35, 0.5, 0.0, 0.19400516418367741, 0.22, EXC
0.48, 0.47, 0.742703028689768, 0.55, 0.5, 0.0, 0.51, 0.65, MIT
0.6924791148776372, 0.8221751772151736, 0.32, 0.54, 0.5, 0.08414253403994779, 0.5269830232525671, 0.22, ME2
0.58, 0.46, 0.46, 0.34, 0.5, 0.0, 0.3897896753600309, 0.43, NUC
0.6, 0.62, 0.26010642620737345, 0.4, 0.6814148938705713, 0.0, 0.5, 0.04914561473977417, MIT
0.52, 0.5, 0.9304773932486953, 0.31, 0.5, 0.0, 0.24924565923149827, 0.22, MIT
0.45, 0.38, 0.64, 0.14, 0.5, 0.24268525403753974, 0.54, 0.8857653422480835, MIT
0.6, 0.57, 0.64, 0.52, 0.5, 0.0, 0.47, 0.28, MIT
0.57, 0.6539846795713493, 0.55, 0.27, 0.5, 0.0, 0.23334965442618114, 0.21, MIT
0.38, 0.45976034797722487, 0.54, 0.06084446657003008, 0.5, 0.0, 0.51, 0.40856003607822583, MIT
0.43, 0.32, 0.5, 0.29, 0.5, 0.0, 0.4102244039788433, 0.22, MIT
0.32, 0.45, 0.44, 0.2, 0.5, 0.0, 0.55, 0.13133998101841193, NUC
0.51, 0.6, 0.51, 0.26, 0.5, 0.0, 0.54, 0.22, NUC
0.49, 0.7591227045909322, 0.42, 0.8627911114280091, 0.8815909448036903, 0.0, 0.55, 0.22, NUC
0.51, 0.56, 0.62, 0.24, 0.5, 0.6168139142069997, 0.52, 0.51, NUC
0.58, 0.57, 0.54, 0.1903774815589137, 0.7153613472393159, 0.0, 0.54, 0.22, MIT
0.55, 0.53, 0.54, 0.956339755085376, 0.5, 0.0, 0.10070859791261809, 0.22, MIT
0.41, 0.47, 0.58, 0.62, 0.5, 0.0, 0.15340865525962055, 0.22, MIT
0.44, 0.53, 0.5793812737356362, 0.37, 0.5, 0.5768746433562773, 0.51, 0.22, MIT
0.47, 0.46, 0.55, 0.28, 0.6690592258630924, 0.19657615371900053, 0.23115929543766175, 0.46, NUC
0.5680784870260579, 0.59, 0.46, 0.19, 0.5, 0.0, 0.36, 0.22, EXC
0.44, 0.41, 0.3734642069259342, 0.30369759381369166, 0.5, 0.0, 0.49, 0.22, ME3
0.9064898100487165, 0.46, 0.54, 0.41, 0.5, 0.0, 0.53, 0.22, MIT
0.5, 0.36, 0.53, 0.4014268478847637, 0.7639789356067728, 0.31905356528215423, 0.55, 0.36, CYT
0.59, 0.58, 0.39, 0.52, 0.5, 0.0, 0.5, 0.31, CYT
0.6146650823752082, 0.6558963825008591, 0.53, 0.30141077151089224, 0.5, 0.0, 0.54, 0.22, ME2
0.48, 0.6764005339509809, 0.52, 0.3, 0.5, 0.0, 0.43928294406255775, 0.37, NUC
0.39, 0.34, 0.68, 0.3, 0.5, 0.0, 0.5, 0.4372728335292248, NUC
0.4, 0.53, 0.44, 0.18, 0.5, 0.7250542551872913, 0.54, 0.31, NUC
0.593021329788729, 0.3, 0.5, 0.19, 0.5, 0.0, 0.55, 0.3, NUC
0.45, 0.21, 0.49, 0.24, 0.5, 0.0, 0.619889374272872, 0.31, NUC
0.87, 0.47, 0.6, 0.47, 0.5, 0.0, 0.59, 0.22, NUC
0.51, 0.34, 0.49, 0.16, 0.5, 0.0, 0.6496990533638045, 0.21, NUC
0.78, 0.65, 0.4, 0.16, 0.5, 0.0, 0.2491866927987865, 0.22, MIT
0.68, 0.59, 0.44, 0.49, 0.5, 0.0, 0.4, 0.26, POX
0.5, 0.41598791026416887, 0.57, 0.14881337879896475, 0.5, 0.0, 0.48, 0.22, POX
0.51, 0.7989521750502643, 0.57, 0.25, 0.6778818336729616, 0.0, 0.53, 0.2438483748687078, CYT
0.49, 0.45, 0.46, 0.18, 0.5, 0.0, 0.6080737463310533, 0.31, CYT
0.39, 0.58, 0.41351344564080084, 0.3728789452865904, 0.5, 0.0, 0.51, 0.25, CYT
0.9033188186826461, 0.58, 0.9717899742680113, 0.44, 0.7441394312177179, 0.193052506340447, 0.19635271673937157, 0.22, MIT
0.3464988731328629, 0.49, 0.45, 0.28, 0.5, 0.0, 0.4740751072331506, 0.22, VAC
0.5, 0.32, 0.49, 0.49, 0.9671327174797497, 0.0, 0.48, 0.32, MIT
0.48, 0.3710462569750487, 0.59, 0.35, 0.5, 0.0, 0.55, 0.3, MIT
0.48, 0.13198953216243292, 0.49, 0.35, 0.5, 0.5, 0.51, 0.6954808816536052, MIT
0.45, 0.41, 0.49, 0.14, 1.0, 0.0, 0.25870636011676545, 0.3, CYT
0.28, 0.36, 0.55, 0.15, 0.5, 0.714220828529033, 0.57, 0.22, CYT
0.74, 0.72, 0.3746398006227426, 0.28, 0.5, 0.606208612515174, 0.5, 0.27, EXC
0.59, 0.61, 0.2133719564656196, 0.62, 0.5, 0.0, 0.3096326198730694, 0.2613032868274728, MIT
0.78, 0.69, 0.9299230757332227, 0.26, 0.5672498035866883, 0.0, 0.54, 0.22, ME1
0.9851211501763019, 0.71, 0.27, 0.39, 0.5, 0.0, 0.5331989039883946, 0.22, ME2
0.39, 0.5084976442923066, 0.3, 0.8144537149496501, 0.5, 0.0, 0.52, 0.31, ME3
0.7346909336151302, 0.48, 0.52, 0.2, 0.5, 0.0, 0.55, 0.22, NUC
0.54, 0.53, 0.48, 0.14, 0.5, 0.0, 0.49, 0.5095474353315186, NUC
0.45, 0.47, 0.53, 0.15, 0.5, 0.0, 0.52, 0.27, CYT
0.46, 0.62, 0.54, 0.25, 0.975761842442621, 0.0, 0.46, 0.477970976028119, CYT
0.52, 0.46, 0.56, 0.2, 0.5, 0.0, 0.5, 0.6619040255113281, CYT
0.45, 0.9270011611415542, 0.56, 0.7078025261191191, 0.5, 0.0, 0.47, 0.22, NUC
0.48, 0.41, 0.54, 0.39, 0.5, 0.0, 0.30552732339024713, 0.22, NUC
0.34, 0.5610657669443324, 0.58, 0.2, 0.7427212907333676, 0.0, 0.46, 0.32, NUC
0.37, 0.44, 0.51, 0.56, 0.5, 0.0, 0.5, 0.38, NUC
0.412499425234855, 0.610353830524337, 0.2827214770374637, 0.11, 0.9917565622580602, 0.0, 0.33, 0.22, CYT
0.190138318045097, 0.45, 0.54, 0.4, 0.5, 0.0, 0.55, 0.22, MIT
0.57, 0.6, 0.54, 0.17, 0.5, 0.0, 0.52, 0.22, MIT
0.33, 0.251312437895991, 0.52, 0.15, 0.5, 0.7095281293265354, 0.51, 0.86, NUC
0.43, 0.41, 0.51, 0.17829958307051555, 0.5, 0.0, 0.49, 0.8559822218622971, NUC
0.49, 0.3192369731420737, 0.51, 0.29, 0.5, 0.0, 0.52, 0.4847654254373083, NUC
0.41, 0.52, 0.6802199203568092, 0.22, 0.5, 0.7642640181198399, 0.52, 0.44, NUC
0.58, 0.31, 0.824338229499836, 0.12, 0.5, 0.0, 0.47, 0.1457227794792789, NUC
0.44, 0.33, 0.55, 0.16, 0.5, 0.3173727412236325, 0.49, 0.22, NUC
0.57, 0.51, 0.4556654686587084, 0.22, 0.5, 0.0, 0.51, 0.22, NUC
0.34, 0.58, 0.28465096234685067, 0.26, 0.7461842039474715, 0.1761923736441397, 0.4659415379273569, 0.22, NUC
0.35, 0.4, 0.44, 0.25, 0.5, 0.0, 0.53, 0.57, NUC
0.55, 0.38, 0.64, 0.24667154584235315, 0.5, 0.0, 0.47, 0.22, MIT
0.45, 0.49, 0.57, 0.25, 0.5, 0.6410250372046197, 0.05992310763102097, 0.22, NUC
0.39, 0.39, 0.59, 0.5547905018447876, 0.5, 0.5607767502010746, 0.45, 0.8296973963337246, CYT
0.7344224145297014, 0.38, 0.57, 0.36, 0.5, 0.0, 0.44, 0.21, CYT
0.5290125469581719, 0.33, 0.54, 0.37, 0.5, 0.0, 0.38, 0.16, CYT
0.29523921317310053, 0.527936135869924, 0.9772857672714828, 0.08, 0.5, 0.0, 0.54, 0.40962294289134976, NUC
0.57, 0.49, 0.61, 0.26, 0.5, 0.14373355069750304, 0.52, 0.22, NUC
0.36, 0.49, 0.55, 0.21, 0.5, 0.0, 0.55, 0.33, NUC
0.8287055854170363, 0.33, 0.6661154570002378, 0.42, 0.5, 0.3441740843663397, 0.47, 0.43, CYT
0.5685583208660964, 0.35, 0.69, 0.40134532316619187, 0.5, 0.0, 0.3, 0.25, CYT
0.58, 0.45, 0.55, 0.7045975915865501, 0.5, 0.0, 0.48, 0.11, CYT
0.43, 0.33, 0.9346790421741733, 0.12, 0.5, 0.0, 0.3968282376874304, 0.18303643357545055, CYT
0.58, 0.3750685159641012, 0.33294223431333486, 0.26, 0.555988720514809, 0.0, 0.5190243821449169, 0.22, CYT
0.4, 0.45, 0.61, 0.29, 0.6737470041666522, 0.0, 0.3015661614485006, 0.22, CYT
0.28337952784806947, 0.39, 0.5772481960587316, 0.34125293543125806, 0.5, 0.0, 0.49, 0.41, CYT
0.44, 0.62, 0.49838102678730645, 0.27, 0.5, 0.0, 0.49, 0.22, NUC
0.56, 0.61, 0.52, 0.19, 0.6613168485139769, 0.0, 0.52, 0.32, NUC
0.47, 0.56, 0.46, 0.5, 0.5, 0.0, 0.51, 0.22, MIT
0.42, 0.38, 0.52, 0.29, 0.5, 0.10299497834942185, 0.42, 0.22, NUC
0.49, 0.4, 0.58, 0.23, 0.5, 0.4614583531607544, 0.47, 0.27, CYT
0.51, 0.4, 0.5, 0.28, 0.5, 0.0, 0.48, 0.27, CYT
0.47, 0.9807982855361882, 0.47, 0.52, 0.8947569980273855, 0.054247948272211466, 0.54, 0.22, MIT
0.46, 0.42, 0.51, 0.16, 0.5, 0.0, 0.56, 0.22, CYT
0.55, 0.23665797885429535, 0.52, 0.13, 0.5661283560484015, 0.0, 0.2631863423630563, 0.25, CYT
0.920615888203172, 0.5115807492592328, 0.58, 0.17, 0.5, 0.0, 0.55, 0.22, CYT
0.177772343817114, 0.14256387687580752, 0.44, 0.9282733739652376, 0.6973390238586206, 0.0, 0.46, 0.22, ME2
0.51, 0.51, 0.32, 0.27, 0.5, 0.0, 0.54, 0.22, ME3
0.65, 0.66, 0.37, 0.12, 0.5, 0.0, 0.4601507141883836, 0.27, ME3
0.3268339415143323, 0.43, 0.67, 0.7, 0.5, 0.035046342044381035, 0.42, 0.25, CYT
0.4, 0.49, 0.34647051731275175, 0.41322389836730994, 0.5, 0.0, 0.44, 0.26, NUC
0.38, 0.42, 0.31, 0.21728760311782538, 0.5, 0.0, 0.52, 0.22, ME3
0.46, 0.33458917607892985, 0.38, 0.46673441479605027, 0.5, 0.0, 0.2930810360827206, 0.45, ME3
0.4, 0.75, 0.44, 0.12, 0.5, 0.0, 0.49, 0.22, NUC
0.2334871118407434, 0.47, 0.47, 0.18, 0.7925238515698639, 0.43847081581793507, 0.47, 0.22, CYT
0.52, 0.47, 0.5192287453192354, 0.18, 0.5, 0.0, 0.34, 0.11, CYT
0.1885723327818728, 0.8697931849909465, 0.7829022475175798, 0.15, 0.5, 0.0, 0.49, 0.22, NUC
0.37, 0.48, 0.67, 0.7532303132473561, 0.5, 0.0, 0.56, 0.62, NUC
0.233575565045135, 0.65, 0.8849654674727855, 0.00805099751056428, 0.5, 0.0, 0.54, 0.31, NUC
0.59, 0.49, 0.45, 0.22, 0.5, 0.0, 0.45, 0.31, NUC
0.52, 0.31, 0.56, 0.9788809218394758, 0.5, 0.0, 0.55, 0.22, NUC
0.55, 0.46, 0.47, 0.15, 0.5, 0.0, 0.47, 0.22, ME3
0.26625988506392106, 0.52, 0.51, 0.22, 0.5, 0.0, 0.6210452343106841, 0.37, CYT
0.62, 0.33, 0.49, 0.24, 0.5, 0.808965386170653, 0.51, 0.42, CYT
0.8585034323480221, 0.5, 0.8330605073163893, 0.45, 0.5, 0.0, 0.48, 0.17178331529064647, MIT
0.7, 0.35303686906887144, 0.53, 0.39, 0.5, 0.0, 0.33841796740154223, 0.22, EXC
0.55, 0.41, 0.7718080059769116, 0.025761959148981134, 0.5, 0.5949342140310756, 0.49, 0.14, MIT
0.66, 0.65, 0.53, 0.17, 0.5, 0.09891445412508083, 0.47, 0.66, NUC
0.58, 0.64, 0.49268997501411704, 0.3, 0.5, 0.0, 0.54, 0.4900768344500281, NUC
0.74, 0.27503047362785565, 0.46, 0.24, 0.5, 0.0, 0.6661973164943507, 0.31, EXC
0.38, 0.34, 0.55, 0.4457568485396348, 0.5, 0.6266079965156056, 0.48, 0.26, CYT
0.47, 0.47, 0.5, 0.19, 0.5, 0.22501197545440216, 0.51, 0.3604869086669029, NUC
0.31, 0.51, 0.38, 0.18, 0.852779945440772, 0.0, 0.46, 0.31, ME3
0.44, 0.65, 0.49, 0.16, 0.5, 0.0, 0.13548521476925474, 0.31, NUC
0.48, 0.44, 0.46, 0.37, 0.5, 0.0, 0.46, 0.26213108265356416, CYT
0.45, 0.4, 0.56, 0.15, 0.5, 0.42644040950723927, 0.52, 0.08145663679611326, NUC
0.52, 0.46145652990822134, 0.53, 0.34, 0.5, 0.0, 0.52, 0.9641070514833804, CYT
0.17830549849157817, 0.58, 0.57, 0.1, 0.5096193712692753, 0.0, 0.52, 0.33, NUC
0.33, 0.17, 0.52, 0.13, 0.5, 0.0, 0.51, 0.75, NUC
0.38, 0.42, 0.7496299610914732, 0.19, 0.5, 0.0, 0.44, 0.008607537022001933, CYT
0.28, 0.9515831798924094, 0.5, 0.01486028777781415, 0.5473805187613192, 0.0, 0.5, 0.28, CYT
0.41, 0.7820523984548757, 0.57, 0.25, 0.5, 0.016862235636651103, 0.645309717411946, 0.38, CYT
0.77, 0.7, 0.3892948376571981, 0.29, 0.5, 0.0, 0.56, 0.16982390479413417, ME1
0.16737190407173985, 0.79, 0.42, 0.26, 0.5, 0.0, 0.6, 0.22, ME1
0.49, 0.5, 0.42, 0.43, 0.5, 0.0, 0.5, 0.36, VAC
0.25, 0.26, 0.49910771938485743, 0.17, 0.5, 0.0, 0.45, 0.26169228001071426, CYT
0.41219784203502297, 0.46, 0.57, 0.17, 0.5, 0.0, 0.52, 0.22, CYT
0.45113182694211873, 0.46, 0.49, 0.27, 0.5, 0.0, 0.6, 0.22, CYT
0.49, 0.36, 0.47, 0.28, 0.5, 0.0, 0.1657585221751962, 0.54, NUC
0.9927841632330753, 0.42, 0.48, 0.19, 0.5, 0.5848729809990322, 0.46, 0.31, NUC
0.48, 0.47008032219951984, 0.56, 0.23, 0.5, 0.0, 0.6, 0.5815919231580552, CYT
0.47, 0.59, 0.3766256579655748, 0.09, 0.5, 0.0, 0.5, 0.22, CYT
0.6163334086784937, 0.35, 0.55, 0.5363605473042374, 0.7994320452677626, 0.0, 0.3, 0.22, CYT
0.5, 0.47, 0.5758209195048132, 0.14, 0.5, 0.0, 0.53, 0.6999914366053397, ME3
0.8491949040999623, 0.49, 0.6, 0.18, 0.5, 0.0, 0.51, 0.22, NUC
0.48, 0.728600710848952, 0.58, 0.12, 0.5, 0.0, 0.49, 0.22, VAC
0.7810474846956896, 0.58, 0.53, 0.15773673103138264, 0.9956353475562378, 0.0, 0.51, 0.35707425660385617, VAC
0.41, 0.48, 0.51, 0.2, 0.5, 0.08930062174780774, 0.51, 0.22, CYT
0.57, 0.47, 0.48, 0.17, 0.5, 0.0, 0.52, 0.26, VAC
1.0, 0.8, 0.29, 0.36, 0.8599672078527434, 0.0, 0.4744755831836899, 0.22, ME1
0.88, 0.8522684740280426, 0.41, 0.7369480348976674, 0.5, 0.0, 0.43, 0.22, ME2
0.47, 0.41, 0.46, 0.5695601183850225, 0.5, 0.7651767958782559, 0.53, 0.22, ME3
0.59, 0.56, 0.5, 0.48, 0.7098281133710007, 0.0, 0.46, 0.22, MIT
0.25, 0.41, 0.47, 0.14, 0.5, 0.0, 0.56, 0.9346488714065982, NUC
0.71, 0.51, 0.49, 0.23, 0.7375572050776233, 0.0, 0.3, 0.32, ME2
0.40508139737068705, 0.73, 0.32, 0.2, 0.5, 0.0, 0.55, 0.8545032466888668, ME1
0.35, 0.32, 0.31, 0.16, 0.5, 0.0, 0.56, 0.22, ME3
0.67, 0.61, 0.39, 0.24, 0.5, 0.0, 0.51, 0.23083711583885297, ME3
0.47, 0.8414550845118833, 0.53, 0.16270450296874728, 0.5, 0.0, 0.47, 0.5746746860851242, MIT
0.39, 0.56, 0.34, 0.18, 0.5, 0.0, 0.49, 0.22, ME3
0.75, 0.73, 0.637055262845721, 0.33, 0.5, 0.0, 0.0902690319787406, 0.28, ME1
0.5, 0.63, 0.45, 0.13, 0.75170576147542, 0.0, 0.45, 0.32, ME3
0.2, 0.6, 0.5, 0.29, 0.5, 0.0, 0.51, 0.22, ME3
0.9405805419852447, 0.46, 0.97640030866405, 0.6574623129930026, 0.8833445036745036, 0.0, 0.022644208653979984, 0.22, ME3
0.6195716433202781, 0.68, 0.3, 0.27, 0.5960210638809998, 0.4538534887586379, 0.47626033680659263, 0.22, ME3
0.77, 0.68, 0.35, 0.08310132266094473, 0.5, 0.3782455616673095, 0.53, 0.43, ME1
0.77, 0.74, 0.37, 0.29, 0.5, 0.0, 0.45, 0.22, ME1
0.47, 0.38, 0.58, 0.19, 0.5, 0.0, 0.57, 0.22, CYT
0.74, 0.75, 0.45, 0.44, 0.5, 0.0, 0.52, 0.22, POX
0.52, 0.22957157719404708, 0.58, 0.69, 0.5, 0.46042968178410776, 0.5, 0.22, MIT
0.25, 0.4, 0.52, 0.4802949629910977, 0.5, 0.0, 0.56, 0.28, NUC
0.58, 0.56, 0.38, 0.39, 0.5, 0.0, 0.3375929941534048, 0.57, NUC
0.48, 0.61, 0.57, 0.17, 0.5877731545101323, 0.0, 0.45, 0.22, CYT
0.61, 0.48, 0.54, 0.49377178598515964, 0.5, 0.0, 0.5, 0.22, CYT
0.86, 0.74, 0.51, 0.4, 0.5, 0.0, 0.55, 0.22, ME2
0.5475498646492022, 0.5, 0.5, 0.15946822477492228, 0.5, 0.0, 0.48, 0.25, NUC
0.48, 0.61, 0.44, 0.6446998346701032, 0.7876168867311479, 0.0, 0.47, 0.05246429332822196, CYT
0.9095334539817491, 0.56, 0.54, 0.53, 0.5, 0.5586776402543014, 0.45, 0.04522575439075607, MIT
0.73, 0.3745949291239015, 0.43, 0.3, 0.6245929992582167, 0.0, 0.55, 0.5602833471634153, ME1
0.56, 0.43, 0.54, 0.6875890194642332, 0.5, 0.0, 0.5, 0.22, NUC
0.62, 0.58, 0.46, 0.13, 0.8295983175816011, 0.0, 0.53, 0.22, CYT
0.31, 0.45, 0.40104168799264395, 0.17, 0.5822589876088917, 0.09764833253055073, 0.49, 0.22, CYT
0.38, 0.6980290643400581, 0.5212359580237502, 0.13, 0.5, 0.0, 0.54, 0.22, CYT
0.44, 0.53, 0.52, 0.37, 0.5, 0.6769035211687218, 0.5, 0.22, NUC
0.89649989095435, 0.45, 0.62, 0.13, 0.5, 0.0, 0.52, 0.6228852997587261, NUC
0.89, 0.77, 0.36, 0.34, 0.5, 0.0, 0.44, 0.22, EXC
0.48, 0.9586391268644108, 0.45, 0.17, 0.5, 0.0, 0.48, 0.37, ME3
0.43, 0.52, 0.53, 0.52, 1.0, 0.0, 0.49, 0.22, CYT
0.33, 0.37, 0.54, 0.4987736196487149, 0.6779519316456168, 0.002157258894796776, 0.53, 0.27, NUC
0.6, 0.51, 0.52, 0.45, 0.5, 0.0, 0.5, 0.27, MIT
0.49644448503303445, 0.809687817168815, 0.53, 0.6, 0.5, 0.0, 0.53, 0.31, NUC
0.75, 0.67, 0.51, 0.9905981356256172, 0.5, 0.11442692246856793, 0.52, 0.36, MIT
0.49, 0.52, 0.53, 0.7, 0.5, 0.0, 0.51, 0.22, MIT
0.11757226241230319, 0.6292206434833865, 0.46, 0.29, 0.8902422573627538, 0.3494700746772508, 0.54, 0.22, CYT
0.53, 0.43, 0.57, 0.09297952500474163, 0.5, 0.0, 0.39, 0.28, CYT
0.41, 0.41, 0.43, 0.61, 0.9365047222088335, 0.0, 0.53, 0.22, MIT
0.46, 0.53, 0.47, 0.37, 0.5, 0.0, 0.47922003905037885, 0.36, NUC
0.34, 0.34, 0.65, 0.4, 0.5, 0.0, 0.32, 0.16, CYT
0.15486027873234365, 0.15504079036066326, 0.55, 0.23, 0.5, 0.0, 0.52, 0.48742453532466307, NUC
0.4, 0.43, 0.36, 0.33, 0.8555000692968024, 0.0, 0.51, 0.6671381601288771, ME3
0.23, 0.9750129967101414, 0.32, 0.13, 0.6723361384757646, 0.3825336956913894, 0.53, 0.22, MIT
0.45, 0.45, 0.51, 0.3, 0.5, 0.0, 0.37582281077881874, 0.44, CYT
0.46, 0.61, 0.4940699056522152, 0.5400478459289408, 0.5, 0.2153078466992145, 0.49, 0.22, ME3
0.25, 0.48, 0.45, 0.32, 0.5, 0.0, 0.20809408144515334, 0.22, CYT
0.45, 0.3904241555790473, 0.5, 0.6141255967351901, 0.5, 0.6305752386945708, 0.53, 0.7, NUC
0.43697260613715566, 0.67, 0.33, 0.17, 0.5, 0.3519134909570947, 0.3986220477983873, 0.22, ME3
0.2213886108625188, 0.47, 0.5, 0.14, 0.5, 0.0, 0.53, 0.4745787848892107, NUC
0.48, 0.45, 0.59, 0.2, 0.5, 0.0, 0.58, 0.34, NUC
0.43, 0.39, 0.22105887244713, 0.21, 0.8573548105446052, 0.0, 0.15466860542182545, 0.5986979970705458, NUC
0.5, 0.4564566066969318, 0.5381835183892827, 0.21, 0.5, 0.0, 0.49, 0.01417375728817977, NUC
0.61, 0.3216479450211972, 0.55, 0.21, 0.5, 0.0, 0.5, 0.7422906900156034, NUC
0.43, 0.44, 0.48, 0.22, 0.5, 0.0, 0.6069099493736657, 0.22, CYT
0.73, 0.63, 0.42, 0.3, 0.5, 0.0, 0.49, 0.22, CYT
0.46, 0.53, 0.52, 0.15, 0.5, 0.0, 0.58, 0.22, CYT
0.57, 0.47, 0.6, 0.18, 0.5, 0.4244526980036061, 0.51, 0.22, CYT
0.3839963891739017, 0.55, 0.51, 0.43, 0.604871877959201, 0.19797202279045525, 0.51, 0.22, NUC
0.3162022249601321, 0.74, 0.42, 0.24257946788393414, 0.5, 0.0, 0.43, 0.22, ME1
0.5610126699672576, 0.15238851551022115, 0.39, 0.24, 0.5, 0.19784026030167942, 0.54, 0.22, ME2
0.79, 0.57, 0.41, 0.28, 0.5, 0.0, 0.4014952094553726, 0.22, ME2
0.41, 0.54, 0.32589216103448815, 0.2, 0.5, 0.0, 0.51, 0.22, ME3
0.53, 0.31, 0.58, 0.39, 0.5, 0.7654106663436188, 0.47, 0.37, NUC
0.48, 0.39, 0.51, 0.21, 0.5, 0.7564919456109618, 0.52, 0.28, CYT
0.32629739030876603, 0.62, 0.8321093983813443, 0.1, 0.5, 0.0, 0.49, 0.22, CYT
0.48, 0.43, 0.51, 0.32, 0.5, 0.0, 0.52, 0.6038408422851564, NUC
0.41, 0.46, 0.59, 0.19, 0.5, 0.0, 0.58, 0.27, NUC
0.48, 0.54, 0.55, 0.12, 0.5, 0.0, 0.51, 0.28261435876661317, CYT
0.45, 0.55, 0.54, 0.66, 0.5, 0.0, 0.47, 0.22, MIT
0.49, 0.42, 0.56, 0.55, 0.5, 0.0, 0.42, 0.25, MIT
0.5, 0.54, 0.53, 0.54, 0.5504335601698686, 0.0, 0.51, 0.27, MIT
0.48, 0.45, 0.30843170043743023, 0.5, 0.5, 0.0, 0.53, 0.22, MIT
0.54, 0.52, 0.63, 0.8645770540145638, 0.5, 0.0, 0.46, 0.22, MIT
0.46, 0.38, 0.27175681285368203, 0.22, 0.5, 0.0, 0.52, 0.27, MIT
0.7624940658599357, 0.5, 0.37, 0.26, 0.5, 0.0, 0.4437789733437306, 0.22, ME3
0.69, 0.7, 0.52, 0.36, 0.5, 0.0, 0.46, 0.22, EXC
0.44, 0.52, 0.41, 0.23, 0.5, 0.0, 0.5543151346930105, 0.22, NUC
0.5225684813811836, 0.9756667229290276, 0.56, 0.41, 0.9176969282370286, 0.0, 0.47, 0.5894684688163615, MIT
0.58, 0.62, 0.54, 0.17, 0.5, 0.0, 0.48, 0.22, MIT
0.46, 0.573294683167081, 0.8429333309486818, 0.53, 0.5, 0.7077646662056829, 0.53, 0.6921160406647521, MIT
0.62, 0.19311143051206867, 0.435360159796048, 0.42, 0.5, 0.0, 0.54, 0.27, NUC
0.59, 0.48, 0.5, 0.14, 0.5, 0.0, 0.45, 0.25, CYT
0.3013877187928622, 0.42, 0.71, 0.21, 0.9156619619847419, 0.0, 0.54, 0.32, CYT
0.35, 0.45, 0.9500768533488915, 0.11, 0.5, 0.0, 0.008803514868208094, 0.9372668186987906, ME3
0.42, 0.42, 0.42, 0.2, 0.5, 0.0, 0.49, 0.22, ME3
0.39, 0.4466415705454167, 0.30414338242591904, 0.4, 0.5452934475721077, 0.0, 0.49, 0.47, ME3
0.8920344453426158, 0.44, 0.3, 0.11, 0.5, 0.0, 0.51, 0.47, ME3
0.990965708431547, 0.45, 0.5, 0.23, 0.5243903728025943, 0.0, 0.49, 0.03516941448561135, CYT
0.31, 0.31, 0.56, 0.33, 0.9973835764679554, 0.0, 0.52, 0.33, NUC
0.24, 0.34, 0.69, 0.18, 0.5, 0.7922830671100605, 0.52, 0.22, CYT
0.7743740006523147, 0.55, 0.52, 0.17, 0.6897448342502455, 0.0, 0.52, 0.22, CYT
0.32, 0.57, 0.5, 0.15, 0.5, 0.0, 0.06330055763789, 0.22, CYT
0.61, 0.7375170735054457, 0.2338222019103873, 0.33, 0.5, 0.7091642847026615, 0.56, 0.22, MIT
0.21155229098199685, 0.5856950528816541, 0.6, 0.21, 0.5, 0.0, 0.57, 0.22, CYT
0.49, 0.46, 0.7520435232767005, 0.45, 0.5, 0.0, 0.5307817490144591, 0.22, MIT
0.49, 0.8806980898861536, 0.37530571683433506, 0.56, 0.5, 0.0, 0.36, 0.22, MIT
0.5783557344992541, 0.38, 0.66, 0.25, 0.5, 0.15044071388906816, 0.43, 0.22, NUC
0.41, 0.51, 0.58, 0.15, 0.8330947310507983, 0.0, 0.45, 0.27, CYT
0.2, 0.47440165867665823, 0.52, 0.14, 0.5, 0.3973943957261262, 0.2095735008524669, 0.44, CYT
0.51, 0.3249343700299352, 0.55, 0.14, 0.5, 0.0, 0.51, 0.22, CYT
0.39, 0.698873150439205, 0.6826144513982848, 0.12, 0.5, 0.3858082414571681, 0.0110439490086967, 0.2029034724000151, NUC
0.23, 0.2, 0.53, 0.2, 0.5, 0.0, 0.5026256431622024, 0.7147504817030277, NUC
0.55, 0.54, 0.56, 0.22, 0.5, 0.5551037167164273, 0.5, 0.37, NUC
0.51, 0.55, 0.35, 0.16, 0.5, 0.0, 0.51, 0.47, ME3
0.45, 0.6656176892634522, 0.53, 0.32, 0.5, 0.0, 0.21310755821250088, 0.22, CYT
0.32, 0.47, 0.55, 0.12, 0.5, 0.0, 0.52, 0.22, CYT
0.55, 0.46, 0.46, 0.31, 0.8694685249052636, 0.0, 0.58, 0.48, NUC
0.56, 0.22309108096246866, 0.53, 0.24, 0.5, 0.0, 0.57, 0.22, CYT
0.58, 0.6, 0.51, 0.24, 0.5, 0.0, 0.53, 0.019339180788802722, CYT
0.35, 0.36, 0.57, 0.17, 0.5, 0.0, 0.52, 0.22, CYT
0.45, 0.4, 0.56, 0.14, 0.5, 0.0, 0.54, 0.890657218147688, CYT
0.5, 0.5, 0.48, 0.17, 0.5, 0.0, 0.47, 0.26, CYT
0.6, 0.6, 0.49, 0.3, 0.5, 0.0, 0.026091009698829385, 0.22, NUC
0.49, 0.46, 0.34, 0.21, 0.5, 0.0, 0.55, 0.22, ME3
0.45, 0.42, 0.48526239602716237, 0.8067183754888173, 0.5, 0.0, 0.31896328560751, 0.25, CYT
0.37, 0.33, 0.5, 0.12, 0.5, 0.0, 0.51, 0.54, CYT
0.27, 0.51, 0.47, 0.35, 0.5, 0.0, 0.49, 0.28, NUC
0.64, 0.53, 0.45, 0.7186301580440789, 0.5, 0.0, 0.53, 0.22, CYT
0.52, 0.51, 0.51, 0.12, 0.5, 0.0, 0.51, 0.4, CYT
0.44, 0.8331489355892755, 0.48, 0.24276596918766527, 0.5, 0.0, 0.52, 0.513664006840825, CYT
0.19637620583325072, 0.7458048090771318, 0.51, 0.26, 0.5230117919908398, 0.0, 0.51, 0.37, CYT
0.37, 0.34, 0.58, 0.24, 0.5, 0.0, 0.44, 0.18, NUC
0.61, 0.57, 0.45, 0.21, 0.9602328983508592, 0.0, 0.5, 0.42, NUC
0.5920352246593766, 0.16132174940810579, 0.975106872372587, 0.7402149994718411, 0.5, 0.14322589989361023, 0.5125288414635064, 0.27, ME3
0.85, 0.9519246243736531, 0.3, 0.31, 0.5, 0.0, 0.55, 0.42, ME1
0.55, 0.5965229845737394, 0.56, 0.29, 0.9681447829278523, 0.0, 0.48, 0.22, MIT
0.38, 0.46, 0.52, 0.75, 0.5, 0.4521654524379795, 0.5, 0.26, MIT
0.43, 0.44, 0.27636822217292345, 0.18, 0.5, 0.0, 0.51, 0.22, ME3
0.4988359278554181, 0.5839255556240504, 0.37, 0.709708404892522, 0.5, 0.565247806216415, 0.48, 0.32038725454369266, ME3
0.45, 0.57, 0.3, 0.17, 0.5, 0.0, 0.51, 0.22, ME3
0.42, 0.44, 0.33, 0.34098652734909823, 0.7957951245586843, 0.0, 0.54, 0.27, ME3
0.45, 0.54, 0.54, 0.62, 0.5, 0.0, 0.53, 0.4644804935586826, MIT
0.4796176888769534, 0.34, 0.43, 0.6878052744287544, 0.5900789458747205, 0.0, 0.24464880674952846, 0.25, CYT
0.6661006321260009, 0.6694746435502252, 0.59, 0.18, 0.5, 0.20850526524672872, 0.34726177619706416, 0.6575979154225434, NUC
0.89, 0.81, 0.36, 0.71, 0.6932385663253345, 0.0, 0.55, 0.63, ME1
0.58, 0.55, 0.52, 0.22, 0.5, 0.0, 0.44, 0.22, MIT
0.5, 0.45, 0.49, 0.8414773791659338, 0.5, 0.0, 0.47, 0.4, NUC
0.47, 0.43, 0.35, 0.32, 0.5, 0.0, 0.54, 0.22, ME3
0.7, 0.73, 0.38, 0.36, 0.7442262460813454, 0.0, 0.3126997517404845, 0.22, ME1
0.84, 0.63, 0.38, 0.23, 0.5, 0.0, 0.53, 0.22, EXC
0.5568672247898921, 0.44, 0.8148626098560315, 0.18, 0.5, 0.0, 0.42, 0.0014996498360996251, MIT
0.48, 0.57, 0.52, 0.61, 0.5, 0.014908312637104727, 0.51, 0.22, MIT
0.6176968205249163, 0.5, 0.55, 0.65, 0.5, 0.6586261475595241, 0.46, 0.31, MIT
0.52, 0.49, 0.57, 0.57, 0.8017008216822754, 0.0, 0.51, 0.9913466803243726, NUC
0.18, 0.48, 0.46, 0.0066237191219403685, 0.5, 0.02175346249522489, 0.0, 0.25, NUC
0.3118716281191147, 0.51, 0.51, 0.41103857578966735, 0.6898988858307477, 0.0, 0.23890361609144686, 0.41, NUC
0.58, 0.49, 0.5, 0.41, 0.5, 0.48920607781950526, 0.57, 0.22, MIT
0.57, 0.44, 0.2734602061667154, 0.2, 0.5, 0.0, 0.54, 0.22, CYT
0.55, 0.65, 0.5, 0.28, 0.6881923375623749, 0.0, 0.1597234786883284, 0.22, NUC
0.29, 0.23249668612203017, 0.54, 0.27, 0.5, 0.0, 0.34078800174891666, 0.5995895619503198, CYT
0.41761118112774825, 0.52, 0.52, 0.44, 0.5731104501926132, 0.0, 0.56, 0.27, MIT
0.4416431791432302, 0.26697173575101696, 0.53, 0.16, 0.5, 0.0, 0.7157515427856127, 0.44, NUC
0.45, 0.73, 0.3878570758197124, 0.65, 0.5, 0.14982263552719322, 0.723861991056209, 0.43, MIT
0.66, 0.54, 0.49, 0.16, 0.5, 0.0, 0.54, 0.36, NUC
0.6302377897711093, 0.5, 0.53, 0.22, 0.5, 0.48826549475273706, 0.5, 0.22, POX
0.59, 0.57, 0.43, 0.26, 0.5, 0.5288601766640461, 0.51, 0.22, MIT
0.39, 0.3, 0.56, 0.12, 0.5, 0.6213339566349364, 0.53, 0.38, NUC
0.41, 0.54, 0.58, 0.2, 0.5, 0.0, 0.52, 0.7779252721876664, MIT
0.45, 0.43, 0.63, 0.4, 0.5, 0.0, 0.59, 0.11, MIT
0.5526865645620708, 0.44, 0.67, 0.35, 0.5, 0.6042996362420496, 0.48, 0.26, MIT
0.62, 0.59, 0.54, 0.47, 0.5, 0.0, 0.46, 0.22, MIT
0.51, 0.48, 0.51, 0.43, 0.5, 0.0, 0.49, 0.22, MIT
0.46, 0.46, 0.56, 0.12, 0.5, 0.0, 0.114591044107124, 0.22, MIT
0.36, 0.9490995775510324, 0.55, 0.4127376604389254, 0.5, 0.0, 0.49, 0.22, NUC
0.47, 0.59, 0.37, 0.31, 0.5, 0.30796115288230613, 0.51, 0.36, NUC
0.33, 0.46, 0.53, 0.014591457325637214, 0.5, 0.0, 0.5, 0.55, NUC
0.11, 0.41, 0.67, 0.13, 0.5, 0.0, 0.45, 0.29, NUC
0.47, 0.5, 0.55, 0.19, 0.5, 0.0, 0.6087990334534085, 0.22, CYT
0.49, 0.44, 0.51, 0.18, 0.5, 0.0, 0.52, 0.27, CYT
0.43, 0.28, 0.53, 0.34, 0.5805440698937848, 0.0, 0.55, 0.5066672199188422, NUC
0.3, 0.55, 0.28944949769634976, 0.16, 0.5, 0.0, 0.61, 0.28, NUC
0.83, 0.57, 0.42, 0.57, 0.9532794946463032, 0.5339119613365997, 0.5, 0.32, ME2
0.52, 0.64, 0.34, 0.16, 0.5, 0.1357108017862101, 0.57, 0.22, MIT
0.7708263192537301, 0.51, 0.56, 0.707343706792999, 0.5, 0.0, 0.26032362700913186, 0.22, NUC
0.69, 0.39, 0.52, 0.4074082128720843, 0.5, 0.7128369445942427, 0.38, 0.35, CYT
0.47, 0.43, 0.59, 0.27, 0.5, 0.0, 0.55, 0.22, POX
0.45, 0.46, 0.61, 0.2, 0.5, 0.4201829346572475, 0.012350946881890052, 0.22, CYT
0.61, 0.46, 0.44, 0.8763899746994465, 0.5, 0.0, 0.6394652912089287, 0.7740847188453387, NUC
0.6353670246096716, 0.82, 0.57, 0.26, 0.5, 0.0, 0.57, 0.27, VAC
0.75, 0.6, 0.43, 0.5526251740643348, 0.5, 0.0, 0.45, 0.27, MIT
0.57, 0.49, 0.5, 0.2, 0.5, 0.0, 0.5195274195423181, 0.28, CYT
0.74, 0.74, 0.8246173915068193, 0.27, 0.5, 0.0, 0.5, 0.9115409722811405, EXC
0.4, 0.37, 0.54, 0.13, 0.5, 0.0, 0.48, 0.22, NUC
0.45, 0.4, 0.43, 0.22, 0.5, 0.29267299862640744, 0.51, 0.48, NUC
0.74, 0.71, 0.52, 0.46129165856663407, 0.5, 0.0, 0.06497829499537551, 0.22, EXC
0.38726873045025134, 0.35610218984449793, 0.33, 0.17, 0.5360209229486111, 0.3495182283780347, 0.3644525822588365, 0.31, VAC
0.97, 0.71, 0.29, 0.42, 0.5, 0.0, 0.35, 0.9769344592878908, ME2
0.44, 0.43, 0.34, 0.21, 0.5, 0.0, 0.55, 0.4, ME3
0.56, 0.14694879939242939, 0.56, 0.26, 0.5, 0.0, 0.53, 0.27, NUC
0.41, 0.53, 0.6153725870478368, 0.15, 0.5, 0.15860811947114023, 0.54, 0.25, NUC
0.66, 0.55, 0.34, 0.6321774308178987, 0.5, 0.0, 0.12977851146594122, 0.5967767251647955, ME3
0.75, 0.69, 0.48, 0.13, 0.6039290328286423, 0.0, 0.57, 0.4, VAC
0.20747820818505208, 0.53, 0.57, 0.17, 0.5, 0.0, 0.49, 0.22, CYT
0.33, 0.35, 0.56, 0.19, 0.5207561488544467, 0.0, 0.5, 0.22, NUC
0.77, 0.57, 0.45, 0.17, 0.9945623700028663, 0.0, 0.483170629933749, 0.22, CYT
0.56, 0.59, 0.54, 0.18, 0.5245579620880443, 0.0, 0.48, 0.8424831274530112, NUC
0.68, 0.39, 0.54985590969209, 0.15, 0.5, 0.0, 0.48, 0.18011571145153504, NUC
0.32, 0.48, 0.49, 0.7477356825833524, 0.7273065662540743, 0.31228017029172744, 0.47, 0.22, NUC
0.7429032227985801, 0.39, 0.56, 0.25, 0.5, 0.0, 0.51, 0.33, NUC
0.51, 0.51, 0.56, 0.9294360126204407, 0.5, 0.0, 0.30746245016983303, 0.7669562019330813, CYT
0.48, 0.9544618239846224, 0.49, 0.32, 0.5, 0.0, 0.5, 0.22, CYT
0.29, 0.4, 0.41, 0.04941806198317047, 0.5, 0.20266884342363775, 0.45788801003431157, 0.3, NUC
0.61, 0.55, 0.9041885069045678, 0.26, 0.5, 0.0, 0.52, 0.22, CYT
0.5, 0.62, 0.52, 0.3, 0.5, 0.0, 0.56, 0.22, MIT
0.64, 0.53, 0.59, 0.5125392369256679, 0.5, 0.0, 0.53, 0.44493298731859143, MIT
0.38, 0.31, 0.59, 0.19, 0.5, 0.0, 0.46, 0.7622229668223818, MIT
0.51, 0.55, 0.4310890311750325, 0.18, 0.5, 0.0, 0.5, 0.38, NUC
0.64, 0.22806074981998203, 0.53, 0.1, 0.5, 0.18950289879913976, 0.51, 0.22, NUC
0.49, 0.67, 0.5, 0.28, 0.5, 0.0, 0.43, 0.22, NUC
0.32, 0.49, 0.4343390758252561, 0.28, 0.5, 0.0, 0.6918100384487328, 0.272935892285997, NUC
0.42, 0.21, 0.59, 0.8078379646893213, 0.5, 0.0, 0.47, 0.27, NUC
0.37, 0.58, 0.5, 0.22, 0.5, 0.4253802767361934, 0.47, 0.22, NUC
0.43, 0.33, 0.54, 0.37, 0.5, 0.0, 0.38, 0.45241128011895604, CYT
0.3954525640759274, 0.37, 0.43, 0.27, 0.5, 0.0, 0.53, 0.28, NUC
0.5154101871269313, 0.45, 0.7218662931727865, 0.23114578291567642, 0.5, 0.0, 0.58, 0.22, NUC
0.52, 0.430431433313161, 0.56, 0.46475683931837714, 0.5, 0.0, 0.52, 0.22, NUC
0.31, 0.6, 0.65, 0.18, 0.5, 0.0, 0.46, 0.22, NUC
0.45360293355621467, 0.42, 0.44357595252422055, 0.22, 0.5, 0.0, 0.68, 0.5536674485899665, NUC
0.6993362358117794, 0.8691083994342732, 0.41237736180945705, 0.18, 0.5, 0.0, 0.3, 0.25, CYT
0.57, 0.7563142907960141, 0.52, 0.44057578813298043, 0.5, 0.8040193549320146, 0.37, 0.11, CYT
0.61, 0.48, 0.56, 0.19, 0.5, 0.0, 0.53, 0.31, CYT
0.4, 0.45, 0.61, 0.08297129512833694, 0.5, 0.0, 0.44, 0.22, CYT
0.73, 0.6, 0.47, 0.7186236222550794, 0.5, 0.0, 0.72, 0.22, CYT
0.25394093676329144, 0.33, 0.45, 0.22, 0.5, 0.0, 0.41, 0.6259756073416154, CYT
0.7731884411706562, 0.9461360898861048, 0.54, 0.21, 0.5, 0.17954145011248565, 0.4, 0.19, CYT
0.5, 0.5, 0.62, 0.23, 0.5, 0.0, 0.35, 0.11, CYT
0.53, 0.57, 0.6, 0.36, 0.5, 0.09929400973471207, 0.5, 0.22, CYT
0.7668192977939777, 0.7840573312537878, 0.51, 0.38, 0.5, 0.0, 0.44, 0.22, CYT
0.56, 0.42, 0.52, 0.14, 0.5, 0.0, 0.51, 0.22, CYT
0.46, 0.49, 0.55, 0.18, 0.5, 0.0, 0.18118095648269658, 0.7953961293202351, NUC
0.53, 0.2909441442021504, 0.55, 0.8864663673766112, 0.5, 0.0, 0.46, 0.22, MIT
0.38, 0.19684389019311496, 0.53, 0.8397366494964195, 0.5, 0.0, 0.55, 0.22, CYT
0.9135803562411061, 0.51, 0.56, 0.15, 0.5, 0.0, 0.7182515859390263, 0.159215867556449, CYT
0.37, 0.42, 0.46, 0.15, 0.5, 0.0, 0.51, 0.31, ME2
0.5855058446283232, 0.78, 0.53, 0.659145939317333, 0.5, 0.0, 0.48, 0.22, VAC
0.45, 0.65, 0.51, 0.17, 0.5, 0.0, 0.49, 0.4697967915492591, NUC
0.42, 0.36507939766512243, 0.55, 0.31, 0.5, 0.0, 0.43, 0.7207289551665841, NUC
0.8, 0.69, 0.6570877516379319, 0.6223777787812003, 0.669561304191491, 0.0, 0.51, 0.2127043663553671, ME2
0.57, 0.51, 0.8733276225168556, 0.13, 0.6039977547721932, 0.0, 0.53, 0.27, MIT
0.33, 0.46, 0.6, 0.18, 0.7834372943694324, 0.0, 0.021494878384167068, 0.26, NUC
0.36, 0.3487300599805848, 0.633901126397285, 0.27, 0.9748534772020889, 0.0, 0.47, 0.43, NUC
0.46, 0.32754468179716373, 0.45, 0.23, 0.6694346045072737, 0.0, 0.48, 0.22, NUC
0.4, 0.47219175920407097, 0.6, 0.23, 0.5, 0.0, 0.52, 0.31, NUC
0.77, 0.3300426575797709, 0.6660369607517582, 0.46, 0.5, 0.0, 0.38, 0.22, EXC
0.53, 0.1586449776423734, 0.59, 0.27, 0.5, 0.0, 0.45, 0.26, NUC
0.25, 0.33, 0.5913720928275427, 0.18, 0.5, 0.0, 0.42, 0.33, NUC
0.56, 0.52, 0.46, 0.17, 0.8695300033710733, 0.0, 0.49, 0.73, CYT
0.596714131817388, 0.48, 0.51, 0.5606924692542973, 0.5, 0.5629319788173148, 0.51, 0.27, CYT
0.9297390146739173, 0.46, 0.51, 0.1, 0.5, 0.0, 0.48, 0.31, CYT
0.6, 0.5875280768278819, 0.51, 0.9022461168706059, 0.8360930825202011, 0.0, 0.48, 0.31, CYT
0.44, 0.39, 0.63, 0.11, 0.9406701992127742, 0.0, 0.49, 0.26, NUC
0.25, 0.3700172828207764, 0.6566892578887495, 0.14, 0.5, 0.0, 0.41, 0.22, ME3
0.6383404964297871, 0.81, 0.45, 0.38, 0.5208132599994572, 0.0, 0.4, 0.26, EXC
0.38, 0.15911442632999143, 0.56, 0.21, 0.5, 0.0, 0.1369589035904405, 0.31, NUC
0.5319937706440673, 0.4, 0.5296601537870383, 0.19, 0.6276637285779378, 0.0, 0.48, 0.27, CYT
0.48, 0.54, 0.56, 0.29, 0.5, 0.0, 0.51, 0.43, NUC
0.33, 0.2932140135656144, 0.49, 0.22, 0.5, 0.0, 0.55, 0.22, CYT
0.78, 0.73, 0.27, 0.7828889316373712, 0.7199339498113687, 0.6201155724819086, 0.6070324546743725, 0.22, ME1
0.8747340049861776, 0.64, 0.36690248262530717, 0.2, 0.5, 0.0, 0.52, 0.25, CYT
0.39, 0.47, 0.49, 0.36462098624664846, 0.5747290081518537, 0.6586396719279326, 0.53, 0.26, CYT
0.61, 0.52, 0.5, 0.44, 0.6870937707571065, 0.0, 0.53, 0.22, CYT
0.30387341509430515, 0.48, 0.6710871990074141, 0.33, 0.5, 0.0, 0.55, 0.4, CYT
0.58, 0.8317086445846847, 0.63, 0.5479820967996452, 0.5, 0.0, 0.5, 0.3563515246744155, NUC
0.38, 0.42, 0.5, 0.19, 0.5, 0.0, 0.4050759949896196, 0.22, CYT
0.32, 0.32, 0.52, 0.8492762262116363, 0.5, 0.0, 0.48, 0.34, CYT
0.9020841730996231, 0.55, 0.51, 0.16, 0.5, 0.0, 0.6, 0.22, CYT
0.8, 0.7341066835923369, 0.43, 0.24, 0.9214235135403982, 0.0, 0.54, 0.22, ME1
0.58, 0.55, 0.7435326470233343, 0.13, 0.5, 0.0, 0.52, 0.22, CYT
0.52, 0.6501829886320473, 0.59, 0.21, 0.5, 0.0, 0.47, 0.22, NUC
0.42, 0.37, 0.54, 0.17, 0.6985237936485846, 0.693833764373286, 0.51, 0.22, CYT
0.39, 0.45, 0.75, 0.17, 0.5, 0.0, 0.51, 0.22, CYT
0.9039756882362943, 0.45, 0.52, 0.8971119557733442, 0.5, 0.0, 0.11147970483672796, 0.38, MIT
0.62, 0.6, 0.54, 0.22, 0.5634210053979003, 0.0, 0.11270080969498976, 0.27, CYT
0.48, 0.5652733063523829, 0.51, 0.05277578696906003, 0.5, 0.0, 0.49, 0.22, CYT
0.8330813875568754, 0.62, 0.4658593656345874, 0.35, 0.5677328283357743, 0.0, 0.5947442333713976, 0.28, ME2
0.19, 0.41, 0.55, 0.13, 0.5, 0.25455097627233503, 0.41273786359763187, 0.19003641539952634, CYT
0.27, 0.43, 0.9801046994771121, 0.13, 0.5, 0.03778782257991559, 0.54, 0.31, CYT
0.42, 0.46, 0.44, 0.17, 0.5, 0.0, 0.6765598761049472, 0.42, CYT
0.42, 0.51, 0.33, 0.16, 0.5, 0.4809346750543766, 0.54, 0.22, ME3
0.36, 0.5196509633235753, 0.51, 0.17, 0.5, 0.0, 0.52, 0.22, VAC
0.5, 0.55, 0.52, 0.16, 0.5, 0.4388276742815104, 0.51, 0.31, CYT
0.6210319900631514, 0.4, 0.54, 0.9646704990800169, 0.68113279637907, 0.0, 0.43, 0.22, CYT
0.5, 0.4, 0.9082279106667797, 0.652218064212291, 0.5, 0.0, 0.59, 0.060223055318981186, CYT
0.78, 0.71, 0.35, 0.25, 0.5, 0.0, 0.6256847925427567, 0.5641745015895401, ME1
0.3758647507675608, 0.39, 0.56, 0.55, 0.5, 0.0, 0.46, 0.64, MIT
0.49, 0.49, 0.4, 0.2, 0.5, 0.0, 0.48, 0.26, ME3
0.5, 0.46942577884286313, 0.56, 0.31, 0.5, 0.0, 0.56, 0.26, CYT
0.45, 0.39, 0.6925327094813186, 0.31203175273538375, 0.5, 0.22248910428315613, 0.42, 0.22, MIT
0.32, 0.31045358902319653, 0.57, 0.5686941129548229, 0.5, 0.0, 0.5, 0.25, NUC
0.4674172107357106, 0.5, 0.43, 0.16, 0.5, 0.0, 0.52, 0.28, ME3
0.22, 0.53, 0.36, 0.22, 0.6944412173923201, 0.5749869544745858, 0.54, 0.31, ME3
0.9676915649668527, 0.52, 0.46, 0.2, 0.5, 0.83, 0.52, 0.9652832308703296, POX
0.56, 0.71, 0.47, 0.06524856436654193, 0.5, 0.0, 0.52, 0.22, MIT
0.58, 0.63, 0.8913377932112985, 0.7, 0.5, 0.0, 0.46, 0.22, MIT
0.9986400882943162, 0.48, 0.36, 0.787137411019564, 0.9554064998997855, 0.0, 0.53, 0.23026955971267762, ME3
0.52, 0.65, 0.36, 0.26, 0.5, 0.0, 0.44, 0.22, ME3
0.64, 0.44, 0.56, 0.15, 0.5, 0.0, 0.56, 0.22, CYT
0.42, 0.6840582891167277, 0.45, 0.15, 0.5, 0.0, 0.19055629855733278, 0.22, ME3
0.38, 0.56, 0.38, 0.16, 0.6321844504289759, 0.0, 0.53, 0.22, ME3
0.92, 0.66, 0.52, 0.23, 0.5, 0.0, 0.53, 0.22, ME1
0.8, 0.73, 0.47, 0.19, 0.5, 0.0, 0.49, 0.22, ME1
0.8076371056511154, 0.9119620062368834, 0.34, 0.6181845298544933, 0.5, 0.0, 0.51, 0.25, ME3
0.36, 0.48, 0.61, 0.26, 0.7933750735347567, 0.0, 0.5, 0.16, NUC
0.3, 0.37, 0.4, 0.45, 0.5, 0.0, 0.48, 0.7227631285141136, ME3
0.40675666386186066, 0.4, 0.6, 0.16, 0.5, 0.0, 0.53, 0.62445342136185, NUC
0.72, 0.8862495580004177, 0.45, 0.1815790099048938, 0.5, 0.057989314135161535, 0.54, 0.477606154856646, MIT
0.43, 0.57, 0.51, 0.49, 0.7472583019983159, 0.3409058968934477, 0.48, 0.22, MIT
0.36, 0.46, 0.62, 0.46, 0.5, 0.0, 0.3087576566261141, 0.33, CYT
0.27, 0.6, 0.48, 0.2001250219065987, 0.5, 0.0, 0.55, 0.22, CYT
0.51, 0.34, 0.3604393944843764, 0.19, 0.5, 0.0, 0.5, 0.22, NUC
0.38, 0.37, 0.56, 0.5262285844716775, 0.6234344555119599, 0.0, 0.3876715357619504, 0.22, NUC
0.56, 0.52, 0.668664997154536, 0.17, 0.5, 0.0, 0.46, 0.22, NUC
0.36, 0.49, 0.3, 0.22, 0.5, 0.0, 0.6434528752727091, 0.31, ME3
0.81, 0.9, 0.5661340356981693, 0.41, 0.5, 0.0, 0.53, 0.22, ME2
0.44, 0.34, 0.6031396139141032, 0.18, 0.5, 0.0, 0.2593331010777813, 0.22, CYT
0.43, 0.54, 0.39257880455874344, 0.5205144829863018, 0.5, 0.0, 0.5, 0.36, NUC
0.51, 0.63, 0.9800449882657372, 0.35, 0.892354727930472, 0.0, 0.53, 0.6917803344996135, ME3
0.57, 0.61, 0.55, 0.67, 0.5, 0.0, 0.4316271045016188, 0.22, MIT
0.6213124112019577, 0.9777912714094369, 0.9766731182501356, 0.19, 0.5, 0.0, 0.55, 0.26, ME3
0.52, 0.48, 0.26728171994613525, 0.55, 0.5, 0.0, 0.48, 0.22, CYT
0.48, 0.48, 0.5, 0.3582779586683675, 0.5, 0.0, 0.55, 0.22, MIT
0.78, 0.48, 0.47, 0.3, 0.5, 0.3034919393070722, 0.53, 0.47, ME2
0.33081449755020775, 0.34, 0.62, 0.19, 0.6044305173224841, 0.6895319728319375, 0.57, 0.823368588887008, CYT
0.33, 0.38, 0.53, 0.26, 0.5251528458961175, 0.0, 0.2415492563465492, 0.27, NUC
0.4, 0.52, 0.53, 0.52, 0.5, 0.6727099670895166, 0.03804897342763119, 0.20176219386089644, MIT
0.72, 0.56, 0.9900022204080602, 0.17588957822320275, 0.5, 0.0, 0.51, 0.26, ME2
0.5, 0.56, 0.49, 0.694001226149034, 0.5, 0.0, 0.5, 0.22, MIT
0.7, 0.9900707272184246, 0.49, 0.5270096395460445, 1.0, 0.0, 0.58, 0.22, ERL
0.39, 0.81, 0.35, 0.28, 0.5, 0.0, 0.51, 0.45, ME3
0.6059138759565339, 0.53, 0.51, 0.42, 0.5, 0.0, 0.4637999684651848, 0.9464280875274977, MIT
0.8744559623101856, 0.44, 0.54, 0.24, 0.5, 0.0, 0.51, 0.2637646136022556, NUC
0.66, 0.55, 0.54, 0.9215752088747861, 0.5, 0.05427730904526014, 0.43, 0.22, CYT
0.45, 0.5, 0.57, 0.29, 0.5, 0.0, 0.44, 0.11, CYT
0.39, 0.65, 0.4642091652015711, 0.19, 0.5, 0.0, 0.37181551690488485, 0.31763405802604605, CYT
0.3708479717562087, 0.65, 0.9336798528660275, 0.19, 0.5, 0.6042378225117544, 0.0909151781701751, 0.25, CYT
0.47, 0.55, 0.57, 0.17, 0.5, 0.5927157230867808, 0.52, 0.66, NUC
0.37, 0.4, 0.6793894388106162, 0.18, 0.5, 0.0, 0.51, 0.5818402556660213, ME3
0.55, 0.57, 0.51, 0.07, 0.5, 0.0, 0.55, 0.7766138496288596, CYT
0.66, 0.5469839306657631, 0.54, 0.5702216845402079, 0.5, 0.0, 0.51, 0.0821634473004759, EXC
0.5, 0.43, 0.7427861191129279, 0.17, 0.5, 0.0, 0.46, 0.47, NUC
0.19, 0.66, 0.6, 0.14, 0.9651003935060232, 0.0, 0.2, 0.25, NUC
0.48, 0.17, 0.37, 0.33, 0.5, 0.0, 0.44, 0.36, NUC
0.4, 0.36, 0.32, 0.16, 0.5, 0.0, 0.51, 0.5386871557074336, VAC
0.29, 0.26, 0.43, 0.17, 0.5, 0.0, 0.55, 0.3, ME3
0.82, 0.63, 0.47, 0.18, 0.8560994621031217, 0.2576869134948791, 0.5, 0.22, POX
0.51, 0.45, 0.8569119718221276, 0.25, 0.5, 0.0, 0.59, 0.22, MIT
0.58, 0.61, 0.47, 0.13, 0.5, 0.7167304810524756, 0.48, 0.22, MIT
0.6, 0.4, 0.52, 0.6226434930280418, 0.5, 0.1430804049067852, 0.53, 0.22, MIT
0.66, 0.39647360049571695, 0.45, 0.12769944293603755, 0.5, 0.0, 0.46, 0.9578425197298271, MIT
0.43, 0.53, 0.52, 0.13, 0.9110496025325381, 0.0, 0.14898624164261534, 0.22, CYT
0.63, 0.67, 0.57, 0.19353423015995283, 0.5, 0.0, 0.49, 0.22, MIT
0.38, 0.61, 0.61, 0.12, 0.5, 0.0, 0.01814709073820782, 0.47, CYT
0.45342322740783525, 0.6238533753188917, 0.51, 0.28, 0.5, 0.0, 0.58, 0.22, VAC
0.42, 0.24, 0.34, 0.16, 0.9189686507263614, 0.0, 0.5, 0.8217653105551762, ME3
0.64, 0.9737982624684922, 0.56, 0.806913765102372, 0.5, 0.0, 0.45, 0.22, CYT
0.43, 0.35, 0.52, 0.39778457777523074, 0.5, 0.0, 0.0180730233034289, 0.22, MIT
0.47, 0.39, 0.59, 0.15, 0.5, 0.0, 0.57, 0.22, CYT
0.63, 0.6231351979154012, 0.3162533607278609, 0.4, 0.5, 0.0, 0.5, 0.22, MIT
0.39, 0.44, 0.35747277879330164, 0.16, 0.5, 0.0, 0.55, 0.22, ME3
0.988437917607007, 0.52, 0.59, 0.3, 0.5, 0.0, 0.51, 0.35, NUC
0.4, 0.45, 0.56, 0.2, 0.5, 0.49229099545215504, 0.3971158884319281, 0.22, CYT
0.61, 0.72, 0.39, 0.3491301795814955, 0.5, 0.3994903352226807, 0.58, 0.04371387349528118, MIT
0.3, 0.56, 0.28073445537843145, 0.18, 0.5, 0.0, 0.5, 0.22, CYT
0.27254653652025074, 0.1497151330229163, 0.5, 0.26471194002421383, 0.6850093689712252, 0.5, 0.5, 0.27, POX
0.67, 0.62, 0.54, 0.43, 0.5, 0.0, 0.53, 0.22, MIT
0.6, 0.1831733029063729, 0.57, 0.39186187237311665, 0.9695237642083139, 0.28635187997397776, 0.41, 0.26, CYT
0.3841381159667247, 0.32, 0.64, 0.3, 0.760709686149077, 0.0, 0.63, 0.22, NUC
0.28, 0.37, 0.61, 0.09, 0.5, 0.0, 0.52, 0.55, NUC
0.42, 0.43, 0.56, 0.01386608905481782, 0.5, 0.0, 0.49, 0.22, CYT
0.49, 0.47, 0.53, 0.16, 0.5, 0.08185461205240678, 0.48, 0.27, NUC
0.4, 0.42, 0.71, 0.6189492842226637, 0.5, 0.0, 0.54, 0.8286637160528134, CYT
0.20692070296661014, 0.41, 0.55, 0.07412730112535118, 0.5, 0.0, 0.5, 0.27, CYT
0.49, 0.43, 0.51, 0.03400912392745007, 0.5, 0.0, 0.47, 0.22, CYT
0.48587991643368267, 0.38, 0.30439654541769917, 0.18, 0.5, 0.0, 0.48, 0.6241285834983291, CYT
0.52, 0.9540003133225256, 0.51, 0.54, 0.5, 0.0, 0.55, 0.27, MIT
0.63, 0.56, 0.45, 0.58, 0.5, 0.0, 0.51, 0.22, MIT
0.58, 0.58, 0.58, 0.49, 0.5, 0.0, 0.49, 0.26, MIT
0.72, 0.62, 0.5833678670212086, 0.29, 0.5280012285867709, 0.0, 0.41591632921619254, 0.28, MIT
0.72, 0.61, 0.37, 0.3, 0.5, 0.05019010689346821, 0.57, 0.22, MIT
0.46, 0.43, 0.38, 0.33, 0.5, 0.0, 0.48, 0.28, MIT
0.55, 0.45, 0.45, 0.54, 0.557526950737817, 0.0, 0.5, 0.22, MIT
0.998961407679357, 0.46, 0.59, 0.49, 0.5, 0.0, 0.56, 0.22, MIT
0.78, 0.74, 0.58, 0.25, 1.0, 0.7798396011488138, 0.08217587353712318, 0.07987441310656127, ERL
0.7, 0.65, 0.4265101570441644, 0.28, 0.5, 0.0, 0.6, 0.4, VAC
0.41, 0.45, 0.53, 0.17, 0.9592578376082839, 0.5366847718569182, 0.51, 0.25, NUC
0.36, 0.6990217425066563, 0.33, 0.14, 0.5, 0.0, 0.57, 0.31, ME3
0.46, 0.54, 0.9269055630538858, 0.15, 0.5, 0.0, 0.59, 0.22, MIT
0.45, 0.3862488712361662, 0.57, 0.14618007143637632, 0.5, 0.02469476700404071, 0.52, 0.18, CYT
0.27, 0.39, 0.66, 0.11, 0.5, 0.0, 0.44, 0.22, MIT
0.34, 0.42, 0.3, 0.23, 0.5, 0.0, 0.5766823608816327, 0.22, ME3
0.42, 0.32, 0.5, 0.21, 0.5, 0.0, 0.51, 0.22, NUC
0.36, 0.5082686749562315, 0.49, 0.8723674306814483, 0.5, 0.0, 0.51, 0.22, NUC
0.21945151245907218, 0.56, 0.47, 0.2, 0.6324597297079069, 0.0, 0.5, 0.38, NUC
0.5, 0.51, 0.4288064775543302, 0.6956991203352109, 0.5, 0.0, 0.48, 0.25, NUC
0.7943302734508948, 0.43, 0.49, 0.79, 0.5, 0.0, 0.49, 0.63, NUC
0.56, 0.52, 0.55, 0.19, 0.5, 0.029627116375981623, 0.54, 0.1697268905513284, CYT
0.61, 0.3, 0.3890951465766633, 0.12, 0.5, 0.0, 0.49, 0.27, NUC
0.78, 0.9631507634658252, 0.32, 0.9349970747565378, 0.5, 0.0, 0.53, 0.04502463271958396, ME1
0.52, 0.75, 0.37, 0.14, 0.999373205820884, 0.0, 0.46, 0.22, ME3
0.59, 0.58, 0.46, 0.6100923939631535, 0.5, 0.0, 0.56, 0.6863723713174398, CYT
0.703636363545348, 0.48107613194991744, 0.42, 0.19, 0.5, 0.0, 0.53, 0.7958216364020066, ME3
0.73, 0.4697825394919567, 0.41, 0.9917354325278978, 0.814828568211484, 0.0, 0.46, 0.6076466270274591, ME2
0.77, 0.9619031652556507, 0.47, 0.37, 0.5, 0.0, 0.48, 0.5715654062972324, EXC
0.43, 0.51, 0.48, 0.4925319423183175, 0.5205752437516523, 0.015589295622331393, 0.5, 0.22, CYT
0.33, 0.44, 0.34421677766698805, 0.08, 0.5, 0.0, 0.4645858936394997, 0.46292455738012783, NUC
0.1922290040581089, 0.47, 0.58, 0.6929518991832043, 0.8968953687923251, 0.0, 0.49, 0.28, CYT
0.37, 0.34, 0.32, 0.22, 0.5, 0.406896977689326, 0.56, 0.22, ME3
0.37, 0.43, 0.62, 0.27, 0.5, 0.0, 0.48, 0.22, NUC
0.7, 0.69, 0.43, 0.33, 0.5, 0.0, 0.22415712545955485, 0.9699952446320083, ME1
0.51, 0.35, 0.46, 0.15, 0.5, 0.0, 0.51, 0.42, CYT
0.59, 0.65, 0.52, 0.3, 0.5, 0.0, 0.46, 0.31, CYT
0.54, 0.56, 0.5814444402026582, 0.18, 0.5, 0.0, 0.45, 0.25, NUC
0.49, 0.43, 0.48, 0.15, 0.5, 0.0, 0.13142506645327084, 0.25, CYT
0.49, 0.47, 0.52, 0.16, 0.5, 0.30042726204042025, 0.53, 0.28, CYT
0.49, 0.42, 0.54, 0.17, 0.5, 0.0, 0.5, 0.36, CYT
0.2, 0.39707392046159923, 0.31952595981991055, 0.1, 0.5, 0.0, 0.48, 0.027262156835585402, ME3
0.55, 0.41, 0.56, 0.27898260887688553, 0.8265199546763953, 0.0, 0.52, 0.4839583270912893, CYT
0.28, 0.51, 0.55, 0.11, 0.5, 0.6865956004351833, 0.5541467768848284, 0.22, NUC
0.56, 0.57, 0.63, 0.39, 1.0, 0.0, 0.59, 0.48928485938564054, NUC
0.8978675437504117, 0.7279112870124894, 0.53, 0.18, 0.6659774006497994, 0.0, 0.42, 0.38, CYT
0.47, 0.6235475638377358, 0.53, 0.62, 0.5, 0.0, 0.46, 0.22, MIT
0.39, 0.39, 0.55, 0.52, 0.5, 0.0, 0.045252616951533736, 0.16, NUC
0.48, 0.57, 0.5, 0.09, 0.5, 0.0, 0.52, 0.42, NUC
0.44, 0.41, 0.58, 0.2, 0.5, 0.0, 0.57, 0.25, CYT
0.45, 0.4034452870729019, 0.51, 0.64, 0.5, 0.0, 0.54, 0.358301602620236, MIT
0.44, 0.53, 0.52, 0.37, 0.5, 0.0, 0.5, 0.9474979694810458, NUC
0.41, 0.3, 0.49, 0.28, 0.5, 0.0, 0.54, 0.22, CYT
0.51, 0.43, 0.63, 0.18, 0.5, 0.0, 0.52, 0.22, CYT
0.37076703439484515, 0.59, 0.43, 0.13, 0.698282021842497, 0.0, 0.56, 0.3, ME3
0.4, 0.45, 0.42, 0.17, 0.5, 0.0, 0.54, 0.26, ME3
0.61870610955374, 0.41, 0.32, 0.21, 0.5, 0.0, 0.5, 0.32, ME3
0.35, 0.53, 0.35, 0.33, 0.5, 0.5159908909853527, 0.5, 0.6072048669697728, ME3
0.46, 0.41, 0.5, 0.44, 0.5, 0.0, 0.53, 0.22, MIT
0.7, 0.73, 0.37, 0.37, 0.5, 0.0, 0.48, 0.31, ME1
0.5118331410996227, 0.34, 0.41, 0.5483164085420585, 0.5, 0.0, 0.5, 0.27, NUC
0.34, 0.31, 0.6, 0.37, 0.5, 0.7675680170318968, 0.3095383196416167, 0.3, NUC
0.38, 0.49, 0.41216843455614716, 1.0, 0.5, 0.0, 0.5, 0.5587586931788266, CYT
0.27, 0.56, 0.56, 0.18, 0.542732904093045, 0.0, 0.6971298707595862, 0.6298437129309968, CYT
0.76, 0.74, 0.56, 0.34, 0.5, 0.0, 0.51, 0.3, ME2
0.42, 0.32, 0.48, 0.16, 0.5, 0.0, 0.55, 0.6610709318567698, VAC
0.36, 0.34, 0.46, 0.19, 0.5, 0.0, 0.52, 0.22, ME2
0.44, 0.41, 0.44, 0.13, 0.8183482347098989, 0.0, 0.46532957792173363, 0.42, NUC
0.6727430413599925, 0.14, 0.36, 0.21, 0.5, 0.19712563471568878, 0.17951490533294037, 0.25, ME3
0.39, 0.37, 0.5773273215529805, 0.6112660706535136, 0.9097031723730507, 0.0, 0.5, 0.27, CYT
0.47, 0.9883306037747139, 0.54, 0.48, 0.5, 0.6820039088469939, 0.53, 0.26, MIT
0.72, 0.58, 0.42, 0.28, 0.5, 0.0, 0.18583733424680246, 0.22, MIT
0.81, 0.43319235082324414, 0.52, 0.41, 0.5, 0.0, 0.57, 0.26, MIT
0.62, 0.6, 0.47, 0.16, 0.5, 0.4559341644486259, 0.12021109583559704, 0.22, CYT
0.4, 0.53, 0.3480849037105415, 0.21, 0.7332374380746012, 0.0, 0.4905384269777076, 0.46245597825908474, NUC
0.46, 0.42, 0.6, 0.21, 0.5, 0.0, 0.4, 0.22, EXC
0.79, 0.7879801595252892, 0.49, 0.33, 0.5, 0.0, 0.48, 0.22, EXC
0.74, 0.999213791724577, 0.35, 0.36, 0.7371897595555498, 0.7334629769421794, 0.51, 0.25, ME2
0.67, 0.51, 0.54, 0.21, 0.856517360279457, 0.0, 0.43, 0.3, MIT
0.5, 0.46, 0.64, 0.36, 0.8468192773514471, 0.0, 0.49, 0.22, MIT
0.6, 0.46, 0.59, 0.16, 0.9941078716642475, 0.055428253783711294, 0.49, 0.22, MIT
0.58, 0.53, 0.57, 0.46, 0.5, 0.0, 0.209780337687065, 0.27, MIT
0.61, 0.46, 0.51, 0.37, 0.5, 0.0, 0.51, 0.22059607836897394, MIT
0.53, 0.8068806471086295, 0.57, 0.12, 0.875716873066434, 0.0, 0.53, 0.32, NUC
0.7835113643304239, 0.7421847107010392, 0.53, 0.31, 0.5, 0.0, 0.48398351262416306, 0.35461111049042343, MIT
0.57, 0.4173581360600326, 0.48, 0.24, 0.5, 0.0, 0.3354324406374787, 0.22, CYT
0.39, 0.35, 0.49, 0.17, 0.5, 0.0, 0.49, 0.22, NUC
0.43, 0.4, 0.5, 0.18, 0.9897937071485896, 0.0, 0.5, 0.2560195797719107, CYT
0.17911635351579552, 0.79, 0.6228420389287271, 0.37, 0.5, 0.7456094730192817, 0.41, 0.22, ME1
0.53, 0.61, 0.51, 0.49, 0.5843628632333975, 0.0, 0.4414937933468012, 0.27, MIT
0.35, 0.44, 0.54, 0.26, 0.5, 0.0, 0.52, 0.26, NUC
0.7817918538306355, 0.34, 0.37973046676947975, 0.24, 0.5, 0.0, 0.51, 0.22, CYT
0.47, 0.47, 0.2814138794973059, 0.15, 0.536844347030121, 0.0, 0.5, 0.48, NUC
0.48, 0.9771343787310492, 0.45, 0.23, 0.5, 0.0, 0.4907828279097524, 0.22, ME3
0.4524929046706513, 0.67, 0.37, 0.22, 0.5, 0.0, 0.12742960529807712, 0.22, ME2
0.6229483277893039, 0.48, 0.22676457050879592, 0.16, 0.5, 0.8248223625996202, 0.48, 0.26, CYT
0.5, 0.5, 0.54, 0.16, 0.5, 0.0, 0.49, 0.22, POX
0.53, 0.51, 0.36, 0.13, 0.5455561761151897, 0.46251561521145407, 0.52, 0.22, ME3
0.37, 0.42, 0.6, 0.13, 0.5, 0.0, 0.51, 0.22, NUC
0.74, 0.89, 0.43317352283819893, 0.24, 0.5, 0.0, 0.54, 0.32, ME1
0.30898133722343046, 0.6314580084270467, 0.58, 0.3, 0.5, 0.0, 0.57, 0.7523790315614033, NUC
0.26, 0.28, 0.6, 0.2, 0.9182003383567092, 0.0, 0.54, 0.31, MIT
0.7210817943981573, 0.45, 0.8685835845229644, 0.1862248233953083, 0.5348330785135815, 0.0, 0.49, 0.10373017171018993, MIT
0.5796170935476239, 0.49, 0.6, 0.15, 0.5, 0.0, 0.7073350342030952, 0.22, CYT
0.46, 0.46, 0.53, 0.23, 0.5, 0.0, 0.51, 0.22, CYT
0.43, 0.45, 0.2564116039398153, 0.19, 0.5, 0.0, 0.466577952524316, 0.22, CYT
0.48, 0.46, 0.58, 0.26, 0.5, 0.0, 0.44, 0.22, NUC
0.77, 0.72, 0.48, 0.26, 0.5752711750276552, 0.0, 0.51, 0.22, EXC
0.44, 0.42, 0.6446669395371962, 0.22, 0.7877240268950639, 0.39150061689119336, 0.5, 0.25, NUC
0.53, 0.54, 0.43, 0.12643047075868363, 0.530042697333275, 0.0, 0.53, 0.7284540705681904, NUC
0.38, 0.45, 0.37, 0.19, 0.5, 0.0, 0.52, 0.7435795645563815, ME3
0.47, 0.54, 0.53, 0.77, 0.5, 0.06454485710583274, 0.52, 0.36, MIT
0.77, 0.7229891523190283, 0.51, 0.27, 0.5, 0.0, 0.34, 0.22, EXC
0.36, 0.9839433222133535, 0.54, 0.9778348200437228, 0.5, 0.0, 0.5, 0.28, NUC
0.37, 0.28618738490533724, 0.5, 0.26, 0.9032602763975179, 0.0, 0.52, 0.39, NUC
0.5, 0.45, 0.53, 0.21, 0.5, 0.0, 0.28, 0.22, NUC
0.8596207988680389, 0.37, 0.48, 0.36, 0.6447173559909494, 0.16753556850774576, 0.48, 0.22, POX
0.55, 0.63, 0.3867296123427175, 0.16, 0.5, 0.0, 0.45, 0.27, CYT
0.53, 0.59, 0.48, 0.14, 0.5, 0.0, 0.51, 0.22, CYT
0.33, 0.39, 0.52, 0.437684299526197, 0.5, 0.5966026397856423, 0.47, 0.28, NUC
0.3, 0.3, 0.46, 0.3091484180905736, 0.5, 0.0, 0.45, 0.22, NUC
0.52, 0.37, 0.48, 0.13, 0.5, 0.0, 0.55, 0.22, NUC
0.59, 0.46, 0.48, 0.46, 0.5, 0.0, 0.49, 0.22, CYT
0.51, 0.6301559131639441, 0.748993117101256, 0.7422131026960475, 0.5, 0.6802325219195877, 0.49, 0.22, MIT
0.3565803854252632, 0.55, 0.35, 0.34, 0.5, 0.3519620912573212, 0.51, 0.22, ME2
0.53, 0.45, 0.53, 0.18, 0.5, 0.0, 0.42, 0.22, CYT
0.58, 0.53, 0.33, 0.26, 0.5, 0.0, 0.51, 0.22, ME3
0.43, 0.46, 0.5, 0.21, 0.6290674472993862, 0.0, 0.49, 0.34, CYT
0.24, 0.41, 0.47, 0.16, 0.5, 0.0, 0.51, 0.38, NUC
0.61, 0.9356682420861134, 0.9087906202717663, 0.14, 0.5, 0.0, 0.43, 0.26, NUC
0.43, 0.48, 0.8047744215710029, 0.5159083324288736, 0.5, 0.0, 0.46, 0.22, NUC
0.55, 0.59, 0.53, 0.15, 0.5, 0.0, 0.49, 0.22, NUC
0.48, 0.47, 0.59, 0.41, 0.5, 0.7698811244452095, 0.56, 0.27, NUC
0.54, 0.53, 0.3479487997451678, 0.22295349934672787, 0.5, 0.5787991891565731, 0.51, 0.01949153119220667, NUC
0.5103262506286442, 0.45, 0.53, 0.19, 0.5, 0.0, 0.41, 0.2477303615882365, NUC
0.5245483345083306, 0.5847991836640982, 0.58, 0.1, 0.5, 0.0, 0.3283359343950487, 0.22, NUC
0.4, 0.66, 0.34, 0.21, 0.5, 0.0, 0.572830517909683, 0.5080204739952507, NUC
0.56, 0.450613543151555, 0.32, 0.49, 0.6292271332650509, 0.0, 0.2739607248790471, 0.22, NUC
0.47, 0.45, 0.51, 0.33, 0.5, 0.0, 0.46, 0.5688256066219941, NUC
0.38, 0.43966432625652857, 0.59, 0.25055626599363895, 0.9859886803864475, 0.4396841217623288, 0.44, 0.22, CYT
0.54, 0.55, 0.56, 0.14, 0.9100600875471858, 0.0, 0.5, 0.25, CYT
0.4826008631178646, 0.5, 0.3325649379246321, 0.29, 0.5, 0.0, 0.44, 0.11, CYT
0.7656728225610389, 0.39, 0.58, 0.19, 0.5, 0.4020483242608719, 0.47, 0.22, CYT
0.34, 0.48, 0.5245614431902211, 0.3532877730562556, 0.5, 0.0, 0.5, 0.3, NUC
0.54, 0.57, 0.8811445701776874, 0.8608781045444491, 0.5, 0.0, 0.4489752032209596, 0.22, NUC
0.34, 0.47, 0.5393176870768233, 0.32, 0.5, 0.0, 0.28417899595903673, 0.22, NUC
0.29, 0.4, 0.5, 0.16, 0.5, 0.0, 0.51, 0.34, NUC
0.59, 0.51, 0.48, 0.12, 0.5, 0.0, 0.54, 0.31, CYT
0.72, 0.37, 0.63, 0.38, 0.5, 0.0, 0.00849194713600258, 0.14, CYT
0.63, 0.64, 0.45, 0.5254767878273215, 0.5910633071537743, 0.7682292516641852, 0.43, 0.22, CYT
0.43, 0.33, 0.67, 0.12, 0.5, 0.0, 0.45, 0.23, CYT
0.38, 0.5717328430204031, 0.53, 0.22, 0.572351346391335, 0.5199508136487451, 0.12467012717730136, 0.11, CYT
0.43, 0.22, 0.79, 0.79, 0.5581486296276907, 0.010514306137458027, 0.22, 0.0, CYT
0.35, 0.5768686890175727, 1.0, 0.8, 0.5, 0.0, 0.4444343454796901, 0.01, CYT
0.56, 0.35, 0.5828897452640556, 0.1660149132753757, 0.5, 0.0, 0.52, 0.22, CYT
0.48, 0.8224493676522862, 0.58, 0.16, 0.5, 0.5172389872389005, 0.3816104568265403, 0.22, CYT
0.48, 0.55, 0.48, 0.1, 0.5, 0.0, 0.6081420938875857, 0.22, CYT
0.78, 0.82, 0.56, 0.21, 0.5, 0.0, 0.69, 0.22, CYT
0.42, 0.49, 0.49, 0.36, 0.5, 0.0, 0.4476846688002545, 0.26, MIT
0.46, 0.54, 0.59, 0.41, 0.5, 0.0, 0.53, 0.21, CYT
0.53, 0.57, 0.6, 0.36, 0.5, 0.5548868771304579, 0.5, 0.22, CYT
0.37, 0.3, 0.62, 0.651747921866306, 0.5, 0.0, 0.44, 0.22888745349573145, CYT
0.41, 0.46, 0.58, 0.563136725817606, 0.5, 0.0, 0.3405228878652032, 0.28, NUC
0.57, 0.5, 0.4, 0.451042890420892, 0.5, 0.0, 0.47, 0.22, ME3
0.9909278312350921, 0.25, 0.55, 0.28, 0.5, 0.0, 0.51, 0.49, CYT
0.59, 0.54, 0.9081075891638425, 0.14, 0.8643657032783063, 0.0, 0.48, 0.22, CYT
0.39, 1.0, 0.38, 0.41, 0.5, 0.6587799559437623, 0.5, 0.27, MIT
0.12951262027246707, 0.46, 0.5084208795797128, 0.18, 0.5, 0.0, 0.691698651328147, 0.22, ME3
0.55, 0.52, 0.7186282823650697, 0.2, 0.5956062213740326, 0.0, 0.2309609762977252, 0.22, ME2
0.3513002709185938, 0.7897150920982741, 0.46, 0.14, 0.5, 0.0, 0.3030291687331696, 0.22, CYT
0.46, 0.38, 0.51, 0.2, 0.5, 0.0, 0.51, 0.8398698910232331, CYT
0.55, 0.72, 0.7418515405249436, 0.26, 0.5, 0.0, 0.49, 0.43113833186941647, ME3
0.3725595179904624, 0.55, 0.57, 0.8699354924890063, 0.5, 0.0, 0.6770771340786194, 0.22, CYT
0.9873013932507722, 0.51, 0.2875822814152535, 0.11006097661099885, 0.5, 0.0, 0.54, 0.38, CYT
0.8948836987407142, 0.52, 0.54, 0.25, 0.5, 0.0, 0.54, 0.29, MIT
0.54, 0.59, 0.57, 0.34, 0.5, 0.7532769541030929, 0.49, 0.22, NUC
0.53, 0.49, 0.47, 0.21, 0.5, 0.0, 0.53, 0.5229955719604612, CYT
0.5967509884589238, 0.56, 0.955085178244646, 0.25, 0.5, 0.0, 0.43, 0.3897819592128, NUC
0.37, 0.55, 0.52, 0.13, 0.5, 0.0, 0.42, 0.8, CYT
0.52, 0.65, 0.36, 0.8261496589579967, 0.5, 0.0, 0.47617108355652804, 0.34, ME3
0.19, 0.16, 0.68, 0.6697318532200837, 0.5, 0.0, 0.11658468996793606, 0.21, NUC
0.47, 0.56, 0.51, 0.0840438038772074, 0.5, 0.0, 0.52, 0.23916774714346223, NUC
0.54, 0.6, 0.57, 0.17, 0.5, 0.0, 0.44, 0.22, NUC
0.45, 0.57, 0.38, 0.6541283630426341, 0.5, 0.0, 0.42087804255561856, 0.31, ME3
0.52, 0.47, 0.6257352982847335, 0.18, 0.5, 0.0, 0.34, 0.11, CYT
0.367280932762027, 0.55, 0.5966271648361877, 0.18, 0.5, 0.38858948403005245, 0.51, 0.43, NUC
0.27, 0.5572943763405305, 0.52, 0.17, 0.5, 0.0, 0.49, 0.5187679886628799, NUC
0.52, 0.161358266391642, 0.45, 0.13, 0.5, 0.0, 0.5193111878166234, 0.22, NUC
0.44, 0.59, 0.9340584726757506, 0.18, 0.5, 0.025112629676031093, 0.49, 0.22, NUC
0.23, 0.13, 0.51, 0.16, 0.5, 0.10897965070302125, 0.5463075483698182, 0.51, NUC
0.49, 0.48, 0.51, 0.21, 0.5, 0.0, 0.53, 0.22, NUC
0.6, 0.62, 0.54, 0.9005189731019826, 0.7971434876781757, 0.0, 0.51, 0.22, NUC
0.31, 0.6267223970770655, 0.54, 0.32, 0.7341540403976463, 0.20725942266808345, 0.5896622756239172, 0.31, NUC
0.53, 0.5568196065343962, 0.51, 0.18, 0.5, 0.0, 0.52, 0.27, CYT
0.51, 0.1403854201921228, 0.9949361684906614, 0.26, 0.5, 0.2007111414314041, 0.51, 0.42812233404911176, CYT
0.38, 0.88929971837888, 0.47, 0.12, 0.5, 0.0, 0.47, 0.4014248625378648, NUC
0.3, 0.21714839669576574, 0.8622252909099276, 0.19, 0.5, 0.12053668556747414, 0.53, 0.33152346483700057, CYT
0.6556677737542587, 0.5373777341859829, 0.46, 0.24, 0.5, 0.0, 0.48, 0.22, EXC
0.58, 0.37, 0.58, 0.16, 0.5, 0.0, 0.51, 0.22, NUC
0.43, 0.28, 0.41, 0.32, 0.9808815796815049, 0.0, 0.52, 0.22, ME3
0.41, 0.2979021707637939, 0.8641950996346295, 0.13, 0.5, 0.7894916215467945, 0.08748987651138797, 0.22, CYT
0.23, 0.29, 0.46, 0.0, 0.5, 0.0, 0.43, 0.31, CYT
0.61, 0.38897133566880865, 0.54, 0.38, 0.6789352390167618, 0.6234230896931661, 0.54, 0.4777447838517243, MIT
0.55, 0.38, 0.52, 0.16, 0.5, 0.0, 0.49, 0.64, NUC
0.41, 0.56, 0.53, 0.16, 0.5, 0.0, 0.55, 0.26, NUC
0.1786979908586242, 0.4, 0.31, 0.17, 0.5, 0.6044306348158117, 0.52, 0.22, ME3
0.59, 0.48, 0.49, 0.7919004749953515, 0.5, 0.0, 0.52, 0.6204167293897869, CYT
0.54, 0.55, 0.8073068527149285, 0.4, 0.5, 0.0, 0.53, 0.22, CYT
0.44, 0.54, 0.51, 0.16, 0.5, 0.15055853690965065, 0.4801137145748627, 0.22, CYT
0.79, 0.56, 0.53, 0.19, 0.5, 0.0, 0.47, 0.35, CYT
0.2203970635334023, 0.7860353126856581, 0.6, 0.4415472497794654, 0.5, 0.0, 0.52, 0.22, CYT
0.2976302158617485, 0.73, 0.9920871930644118, 0.58, 0.7676437656086972, 0.0, 0.5, 0.22, MIT
0.5095034860911555, 0.43, 0.56, 0.17, 0.5, 0.0, 0.6721035043969991, 0.22, NUC
0.21365891340041043, 0.44, 0.57, 0.28, 0.5, 0.0, 0.57, 0.22, CYT
0.6, 0.2763027348547016, 0.246436724037965, 0.22, 0.5, 0.0, 0.5, 0.49, NUC
0.56, 0.7365509138294847, 0.8625200290029217, 0.6840325053045602, 0.5, 0.0, 0.5615557591597446, 0.12537278424142226, NUC
0.7354459641816667, 0.59, 0.35, 0.15, 0.5, 0.0, 0.54, 0.22, VAC
0.6166640164602231, 0.37, 0.52, 0.15, 0.8359244085931974, 0.0, 0.55, 0.182297386038652, VAC
0.844598783528106, 0.61, 0.56, 0.15, 0.5, 0.0, 0.54, 0.24282270908421436, VAC
0.63, 0.56, 0.52, 0.1760139707885715, 0.5, 0.6523776800656639, 0.517909487911479, 0.22, CYT
0.56, 0.68, 0.42, 0.36, 0.5, 0.48931799668337167, 0.49, 0.22, CYT
0.64, 0.56, 0.52, 0.16703502488486352, 0.5, 0.0, 0.5968054619400774, 0.47, NUC
0.69, 0.66, 0.341768540931346, 0.09, 0.5153707418393741, 0.0, 0.47894936845613395, 0.8778449101089139, ME1
0.4, 0.45, 0.45, 0.15, 0.6278130744183001, 0.0, 0.53, 0.15026025710400664, NUC
0.39, 0.63, 0.41, 0.27, 0.5, 0.0, 0.49, 0.22, ME3
0.45, 0.51, 0.43, 0.591946031570422, 0.5, 0.0, 0.57, 0.018096026968698956, NUC
0.77, 0.78, 0.27, 0.37, 0.5, 0.0, 0.49, 0.22, ME1
0.57, 0.53, 0.6, 0.28, 0.5, 0.0, 0.52, 0.45, NUC
0.33, 0.49, 0.46, 0.22, 0.5, 0.0, 0.53, 0.33, ME3
0.28, 0.41, 0.46, 0.18, 0.5, 0.0, 0.47, 0.39, NUC
0.24, 0.25, 0.9548578365856917, 0.28, 0.5, 0.0, 0.51, 0.11, CYT
0.39484102477432254, 0.41, 0.37, 0.18, 0.8269408337834618, 0.0, 0.54, 0.31, ME3
0.46, 0.59, 0.38, 0.12, 0.5, 0.0, 0.5, 0.22, ME3
0.59, 0.48, 0.49, 0.49, 0.6783264249512755, 0.0, 0.36, 0.32, CYT
0.4338215395258324, 0.76, 0.3, 0.3175861531211031, 0.5, 0.0, 0.45, 0.41, ME3
0.5658012524842754, 0.38, 0.47, 0.14, 0.5, 0.2194811140325575, 0.51, 0.1335150439137395, NUC
0.3465889631622911, 0.33, 0.33, 0.23, 0.5, 0.44260331698986777, 0.42604189859843855, 0.22, ME3
0.86, 0.78, 0.8889279816692993, 0.15, 0.8568472001601121, 0.0, 0.53, 0.22, ME2
0.72, 0.73, 0.41, 0.28, 0.5, 0.0, 0.44, 0.22, ME1
0.46, 0.62, 0.4752837209695213, 0.54, 0.5, 0.0, 0.51, 0.27, MIT
0.83731820213546, 0.58, 0.47, 0.18, 0.5, 0.0, 0.48, 0.3764087400344221, MIT
0.38, 0.47, 0.47, 0.18, 0.5, 0.0, 0.44, 0.26, MIT
0.35896374918263496, 0.57, 0.5, 0.6187137932560206, 0.5, 0.0, 0.51, 0.4022417963487659, MIT
0.6, 0.61, 0.54, 0.11, 0.5, 0.0, 0.46, 0.22, CYT
0.81, 0.62, 0.43, 0.17, 0.5, 0.0, 0.53, 0.22, ME2
0.49, 0.39, 0.52, 0.29, 0.5, 0.0, 0.48, 0.22, EXC
0.8233131008719358, 0.35, 0.4545016071490249, 0.18, 0.5, 0.0, 0.56, 0.22, CYT
0.4, 0.44, 0.49, 0.47, 0.5, 0.0, 0.28746533787284634, 0.3104782654695395, NUC
0.43227655324206604, 0.4, 0.59, 0.7604521905911277, 0.5, 0.8227654248971411, 0.48, 0.43, CYT
0.3589459585791794, 0.43689420713505106, 0.28, 0.12, 0.6698936139396144, 0.0, 0.46, 0.27, ME3
0.8105427500443865, 0.6, 0.51, 0.13, 0.5, 0.83, 0.52, 0.22, POX
0.48, 0.35, 0.42, 0.21, 0.5, 0.0, 0.57, 0.22, CYT
0.16540549305160657, 0.44, 0.56, 0.19, 0.5, 0.45558264353442535, 0.54, 0.22, CYT
0.9002036128170331, 0.9731263345766642, 0.59, 0.5524658864719015, 0.5, 0.0, 0.51, 0.22, NUC
0.83, 0.53, 0.4775851584010723, 0.2, 0.8265251790467941, 0.0, 0.48, 0.25, ME2
0.53, 0.42, 0.37480734296487817, 0.8178174185608088, 0.5, 0.0, 0.5, 0.22, MIT
0.57, 0.14996185960945718, 0.58, 0.35, 0.5, 0.0, 0.49, 0.22, MIT
0.37, 0.51, 0.57, 0.4, 0.5, 0.0, 0.48, 0.7217648671292153, MIT
0.38, 0.31976875157555773, 0.52, 0.14, 0.5, 0.0, 0.53, 0.8399842260032856, CYT
0.5, 0.42, 0.57, 0.49, 0.5, 0.0, 0.48, 0.27, NUC
0.48, 0.19170294306047794, 0.5118315060580688, 0.18, 0.5, 0.0, 0.58, 0.22, CYT
0.35, 0.42, 0.6727546894440322, 0.28, 0.5, 0.0, 0.6459988042470064, 0.22, NUC
0.53, 0.6096730425417594, 0.54, 0.21, 0.5, 0.0, 0.45, 0.22, NUC
0.49, 0.38, 0.49, 0.15, 0.5, 0.0, 0.53, 0.25, NUC
0.66, 0.8261942502987092, 0.53, 0.33987463785798167, 0.5, 0.0, 0.54, 0.22, CYT
0.43, 0.48, 0.4003419348761304, 0.5026727445662657, 0.5, 0.0, 0.52, 0.22, ME3
0.46, 0.61, 0.55, 0.29, 0.9264186527408702, 0.2707658172214324, 0.49, 0.22, MIT
0.83, 0.94, 0.32, 0.21, 0.5, 0.0, 0.51, 0.22, ME1
