@relation  yeast
@attribute Mcg real[0.11,1.0]
@attribute Gvh real[0.13,1.0]
@attribute Alm real[0.21,1.0]
@attribute Mit real[0.0,1.0]
@attribute Erl real[0.5,1.0]
@attribute Pox real[0.0,0.83]
@attribute Vac real[0.0,0.73]
@attribute Nuc real[0.0,1.0]
@attribute Class{MIT,NUC,CYT,ME1,ME2,ME3,EXC,VAC,POX,ERL}
@inputs Mcg, Gvh, Alm, Mit, Erl, Pox, Vac, Nuc
@outputs Class
@data
0.64, 0.62, 0.94032614551725, 0.15, 0.5, 0.0, 0.53, 0.22, MIT
0.2408328902187834, 0.44, 0.57, 0.13, 0.5, 0.0, 0.54, 0.22, NUC
0.55, 0.5, 0.66, 0.36, 0.5, 0.0, 0.49, 0.22, MIT
0.41, 0.53, 0.45, 0.9604719867837783, 0.9056249119820131, 0.7417204328956363, 0.52, 0.66, ME3
0.45, 0.46, 0.7444225199158355, 0.43, 0.5, 0.4759802297353698, 0.55, 0.38, NUC
0.34, 0.46, 0.57, 0.09, 0.5, 0.0, 0.55, 0.22, CYT
0.46, 0.49, 0.58, 0.23, 0.5, 0.7421912169252035, 0.44, 0.22, MIT
0.28, 0.58, 0.21, 0.13, 0.5, 0.0, 0.51, 0.22, ME3
0.8, 0.63, 0.45, 0.29, 0.5, 0.0, 0.51, 0.22, EXC
0.78, 0.75, 0.4, 0.28, 0.5, 0.0, 0.53, 0.22, MIT
0.64, 0.57, 0.57, 0.27, 0.5, 0.0, 0.37, 0.22, CYT
0.3, 0.32, 0.57, 0.19, 0.5, 0.0, 0.48, 0.55, NUC
0.45, 0.51, 0.5, 0.16, 0.5, 0.0, 0.52, 1.0, NUC
0.64, 0.62, 0.29, 0.28, 0.5, 0.0, 0.51, 0.22, MIT
0.55, 0.53, 0.55, 0.46, 0.5, 0.0, 0.52, 0.22, MIT
0.4, 0.62, 0.52, 0.31, 0.5, 0.0, 0.49, 0.31, CYT
0.35, 0.58, 0.54, 0.16, 0.6352950668975932, 0.0, 0.51, 0.22, NUC
0.34, 0.54, 0.5, 0.21, 0.5, 0.0, 0.54, 0.31, CYT
0.48, 0.54, 0.5, 0.17, 0.5, 0.0, 0.53, 0.22, NUC
0.64, 0.6, 0.57, 0.19, 0.9167237210592077, 0.0, 0.43, 0.22, NUC
0.39, 0.55, 0.48, 0.31, 0.5, 0.0, 0.54, 0.29, CYT
0.44, 0.39, 0.53, 0.14, 0.5, 0.0, 0.54, 0.44, CYT
0.45, 0.43, 0.51, 0.24, 0.5, 0.0, 0.54, 0.05136037665683785, CYT
0.35648211437894084, 0.59, 0.48, 0.43, 0.5, 0.0, 0.59, 0.22, MIT
0.44, 0.38, 0.5703654563544238, 0.32, 0.5, 0.83, 0.53, 0.22, POX
0.39, 0.4, 0.53, 0.67, 0.5, 0.0, 0.47, 0.22, CYT
0.43, 0.57, 0.53, 0.53, 0.5, 0.0, 0.53, 0.25, CYT
0.59, 0.5, 0.52, 0.28, 0.5, 0.0, 0.55, 0.25, CYT
0.37, 0.42, 0.51, 0.11, 0.5, 0.0, 0.57, 0.22, CYT
0.8287366077999436, 0.7, 0.38, 0.27, 0.5, 0.0, 0.49, 0.22, ME1
0.57, 0.57, 0.44, 0.37, 0.935510599388627, 0.0, 0.52, 0.25, MIT
0.5, 0.41, 0.44, 0.5, 0.5, 0.0, 0.42, 0.22, MIT
0.5, 0.4, 0.56, 0.7, 0.5, 0.0, 0.5, 0.07254718408746347, MIT
0.67, 0.68, 0.46, 0.29, 0.5, 0.0, 0.46, 0.22, MIT
0.53, 0.51, 0.46, 0.28, 0.5, 0.0, 0.48, 0.38528494289733584, CYT
0.47, 0.54, 0.37, 0.4723983626981262, 0.5, 0.0, 0.5, 0.22, ME3
0.56, 0.41, 0.58, 0.21, 0.5, 0.0, 0.42, 0.22, CYT
0.34, 0.36, 0.54, 0.11, 0.5, 0.0, 0.36, 0.21, NUC
0.69, 0.61, 0.38, 0.27, 0.5, 0.0, 0.52, 0.22, ME2
0.37, 0.53, 0.6, 0.19, 0.5, 0.5, 0.42, 0.22, POX
0.776255410948362, 0.78, 0.49, 0.23, 0.5, 0.0, 0.46, 0.22, EXC
0.38, 0.51, 0.75, 0.17, 0.5, 0.0, 0.55, 0.22, CYT
0.53, 0.44, 0.51, 0.33, 0.5, 0.0, 0.52, 0.22, MIT
0.53, 0.53, 0.6, 0.5241884862827576, 0.5, 0.0, 0.49, 0.22, MIT
0.38, 0.48, 0.59, 0.22, 0.5, 0.0, 0.46, 0.22, CYT
0.41, 0.24, 0.54, 0.26, 0.5, 0.0, 0.41, 0.22, NUC
0.47, 0.65, 0.54, 0.62, 0.5, 0.0, 0.53, 0.36, MIT
0.53, 0.61, 0.52, 0.21, 0.5, 0.0, 0.55, 0.3, NUC
0.46, 0.35, 0.53, 0.16, 0.5, 0.0, 0.51, 0.29, CYT
0.45, 0.56, 0.54, 0.32, 0.5, 0.0, 0.57, 0.22, CYT
0.71, 0.56, 0.39, 0.27, 0.5, 0.0, 0.5622997045103227, 0.22, ME2
0.57, 0.7027326904383331, 0.44, 0.16, 0.5, 0.0, 0.52, 0.22, ME2
0.36, 0.46, 0.43, 0.19, 0.5, 0.0, 0.48, 0.7690464280939303, ME3
0.54, 0.55, 0.42, 0.22, 0.5, 0.0, 0.48, 0.22, ME3
0.81, 0.82, 0.41, 0.36, 0.5, 0.0, 0.39, 0.22, EXC
0.46, 0.48, 0.44, 0.21, 0.5, 0.0, 0.55, 0.22, POX
0.74, 0.72, 0.47, 0.25, 0.5, 0.0, 0.57, 0.22, ME1
0.84, 0.66, 0.36, 0.78, 0.5, 0.0, 0.49, 0.5, ME1
0.62, 0.58, 0.4970450592942175, 0.15, 0.5, 0.0, 0.52, 0.29, CYT
0.56, 0.59, 0.53, 0.16, 0.5, 0.0, 0.24, 0.42, NUC
0.44, 0.44, 0.49, 0.15, 0.5, 0.0, 0.7069983823241197, 0.27, NUC
0.35, 0.68, 0.57, 0.4, 0.5, 0.0, 0.53, 0.6185335674366294, NUC
0.23952430299704996, 0.38, 0.52, 0.2, 0.5, 0.0, 0.52, 0.28, CYT
0.45, 0.56, 0.49, 0.17, 0.5, 0.0, 0.52, 0.22, CYT
0.56, 0.54, 0.59, 0.14, 0.5, 0.0, 0.52, 0.27, NUC
0.43, 0.51, 0.54, 0.15, 0.5, 0.0, 0.45, 0.26, NUC
0.6, 0.4, 0.59, 0.18, 0.5, 0.0, 0.09172028149983852, 0.22, CYT
0.38, 0.47, 0.53, 0.12, 0.5, 0.0, 0.48, 0.22, CYT
0.34, 0.66, 0.51, 0.16, 0.5, 0.0, 0.47, 0.33, NUC
0.6, 0.48, 0.44, 0.52, 0.5, 0.0, 0.54, 0.63, NUC
0.48, 0.34, 0.47, 0.14, 0.8256071217650565, 0.0, 0.47, 0.26, CYT
0.48, 0.46, 0.38, 0.29, 0.5, 0.0, 0.53, 0.22, ME3
0.51, 0.48, 0.58, 0.22, 0.5, 0.0, 0.5, 0.28, NUC
0.29, 0.68, 0.47, 0.26, 0.5, 0.0, 0.47, 0.37, NUC
0.43, 0.39, 0.51, 0.28, 0.5, 0.38433651966376614, 0.4, 0.22, NUC
0.61, 0.54, 0.49, 0.16, 0.5, 0.0, 0.54, 0.42, CYT
0.34, 0.35, 0.61, 0.19, 0.5, 0.0, 0.52, 0.25, NUC
0.37, 0.62, 0.34, 0.6814455864209322, 0.5, 0.0, 0.51, 0.22, ME3
0.34, 0.6144415383190944, 0.636150228459423, 0.18, 0.5, 0.0, 0.52, 0.32, NUC
0.34, 0.4, 0.3, 0.23, 0.5, 0.0, 0.51, 0.22, ME3
0.45, 0.57, 0.3, 0.17, 0.5, 0.0, 0.51, 0.22, ME3
0.5, 0.53, 0.45, 0.44, 0.5, 0.0, 0.49, 0.22, MIT
0.67, 0.51, 0.53, 0.28, 0.5, 0.0, 0.51, 0.22, MIT
0.59, 0.57, 0.46, 0.14, 0.5, 0.0, 0.52, 0.22, MIT
0.42, 0.32, 0.61, 0.13, 0.5, 0.0, 0.14, 0.27, NUC
0.4, 0.51, 0.42, 0.13, 0.5, 0.0, 0.45, 0.25, ME3
0.65, 0.61, 0.39, 0.3, 0.5, 0.0, 0.57, 0.28, ME3
0.85, 0.56, 0.33, 0.38, 1.0, 0.0, 0.55, 0.25, ERL
0.53, 0.5, 0.54, 0.56, 0.5, 0.0, 0.49, 0.41, MIT
0.36, 0.35, 0.47, 0.22, 0.5, 0.0, 0.44, 0.31, ME3
0.87, 0.83, 0.57, 0.36, 0.5, 0.0, 0.36, 0.3674411767552237, EXC
0.43, 0.45, 0.54, 0.14, 0.5, 0.0, 0.5, 0.31, CYT
0.77, 0.6, 0.42, 0.33, 0.5, 0.0, 0.57, 0.22, ME2
0.58, 0.76, 0.4, 0.37, 0.5, 0.0, 0.54, 0.3, ME2
0.94, 0.6, 0.33, 0.3457803647838953, 0.5, 0.0, 0.54, 0.22, ME2
0.43, 0.38, 0.51, 0.44973046459484156, 0.5, 0.0, 0.46, 0.7983107845760674, NUC
0.54, 0.54, 0.49, 0.14, 0.5, 0.0, 0.56, 0.22, CYT
0.53, 0.44, 0.47, 0.22, 0.5, 0.0, 0.53, 0.22, NUC
0.46, 0.47, 0.46, 0.16, 0.5, 0.0, 0.51, 0.02527593356214369, CYT
0.62, 0.64, 0.56, 0.2, 0.5, 0.0, 0.48, 0.33, NUC
0.46, 0.32, 0.58, 0.17, 0.5, 0.0, 0.61, 0.25, NUC
0.49, 0.62, 0.65, 0.18, 0.5, 0.0, 0.46, 0.43, NUC
0.5, 0.62, 0.54, 0.66, 0.5, 0.0, 0.49, 0.22, MIT
0.26, 0.38, 0.52, 0.36, 0.5, 0.5014270251736573, 0.48, 0.56, NUC
0.45, 0.48, 0.63, 0.67, 0.5, 0.0, 0.48, 0.22, MIT
0.5, 0.49, 0.31458558151139543, 0.47, 0.5, 0.0, 0.49, 0.36, MIT
0.43, 0.39, 0.59, 0.13, 0.5, 0.0, 0.41, 0.43, NUC
0.6, 0.59, 0.45, 0.23, 0.5, 0.0, 0.55, 0.22, MIT
0.46, 0.55, 0.61, 0.13, 0.5, 0.0, 0.47, 0.22, CYT
0.89, 0.52, 0.41, 0.26, 0.5, 0.0, 0.52, 0.31, ME2
0.4, 0.68, 0.5, 0.82, 0.5, 0.0, 0.44, 0.36, MIT
0.51, 0.42, 0.56, 0.38, 0.8633033076448606, 0.0, 0.46, 0.22, MIT
0.6, 0.51, 0.6, 0.38, 0.5, 0.83, 0.3499126194626821, 0.24, MIT
0.56, 0.5, 0.61, 0.49, 0.5, 0.0, 0.46, 0.28, MIT
0.36, 0.38, 0.56, 0.44, 0.5, 0.0, 0.48, 0.22, MIT
0.55, 0.5, 0.6, 0.31, 0.5, 0.0, 0.46, 0.27, MIT
0.65, 0.53, 0.55, 0.52, 0.5, 0.0, 0.47, 0.27, MIT
0.58, 0.53, 0.5, 0.53, 0.5, 0.0, 0.47, 0.31, MIT
0.4, 0.74, 0.49, 0.16, 0.5, 0.0, 0.51, 0.22, MIT
0.51, 0.56, 0.51, 0.42, 0.5, 0.0, 0.53, 0.36, MIT
0.52, 0.38, 0.62, 0.12, 0.5, 0.0, 0.41, 0.28, NUC
0.4923054226237129, 0.6, 0.5, 0.27, 0.5, 0.0, 0.55, 0.22, MIT
0.61, 0.59, 0.47, 0.49, 0.5, 0.0, 0.54, 0.22, MIT
0.58, 0.38, 0.4, 0.21, 0.5, 0.0, 0.3868597626119991, 0.22, CYT
0.53, 0.41, 0.5, 0.24, 1.0, 0.0, 0.47, 0.22, CYT
0.58, 0.56, 0.52, 0.43834909504241054, 0.5, 0.0, 0.57, 0.35, NUC
0.49, 0.6, 0.55, 0.17, 0.5, 0.0, 0.44, 0.22, CYT
0.56, 0.63, 0.52, 0.2, 0.5, 0.0, 0.34, 0.26, NUC
0.37, 0.41, 0.45, 0.14, 0.5, 0.0, 0.47, 0.22, CYT
0.35, 0.5, 0.44, 0.27, 0.5, 0.0, 0.51, 0.22, CYT
0.5391462743629577, 0.34, 0.61, 0.13, 0.5, 0.0, 0.49, 0.26, NUC
0.64, 0.76, 0.51, 0.18, 0.5, 0.0, 0.46, 0.22, NUC
0.7, 0.51, 0.47, 0.24, 0.5, 0.0, 0.53, 0.25, NUC
0.25, 0.36, 0.58, 0.3, 0.5, 0.0, 0.58, 0.31, NUC
0.41, 0.49, 0.58, 0.22, 0.5, 0.0, 0.52, 0.22, MIT
0.56, 0.48, 0.5, 0.3, 0.5, 0.34396015820884146, 0.51, 0.22, CYT
0.56, 0.68, 0.52, 0.39, 0.5, 0.0, 0.36, 0.22, MIT
0.5, 0.57, 0.62, 0.25, 0.5, 0.1850381720892708, 0.51, 0.22, MIT
0.41, 0.48, 0.54, 0.24, 0.5, 0.0, 0.37, 0.51, NUC
0.74, 0.72, 0.5, 0.28, 0.5, 0.0, 0.49, 0.27, EXC
0.31, 0.3, 0.34, 0.19, 0.5, 0.0, 0.55, 0.3, ME3
0.77, 0.78, 0.51, 0.28, 0.5, 0.0, 0.33, 0.22, EXC
0.49, 0.6, 0.3, 0.34, 0.5, 0.24306488984568625, 0.5, 0.43, ME3
0.37, 0.51, 0.39, 0.18, 0.5, 0.0, 0.51, 0.27, ME3
0.27, 0.49, 0.6728928643471778, 0.26, 0.5, 0.0, 0.49, 0.26, ME3
0.25, 0.39, 0.5, 0.23, 0.5, 0.0, 0.5, 0.28, NUC
0.38, 0.26, 0.6, 0.1, 0.5, 0.0, 0.48, 0.44, NUC
0.33, 0.21, 0.53, 0.5749261909106109, 1.0, 0.0, 0.52, 0.5, NUC
0.49, 0.45, 0.57, 0.24, 0.5, 0.0, 0.47, 0.38, NUC
0.4047389965329177, 0.28, 0.48, 0.06, 0.5, 0.0, 0.49, 0.42, NUC
0.45, 0.45, 0.52, 0.17, 0.5, 0.0, 0.54, 0.22, CYT
0.28, 0.51, 0.55, 0.19, 0.5, 0.0, 0.57, 0.22, CYT
0.45, 0.27, 0.5, 0.33, 0.5, 0.0, 0.53, 0.26, CYT
0.36, 0.33, 0.38, 0.15, 0.5, 0.0, 0.55, 0.36, ME3
0.46, 0.43, 0.5, 0.24, 0.5, 0.0, 0.48, 0.5779743573111422, CYT
0.68, 0.53, 0.44, 0.31, 0.5, 0.0, 0.51, 0.22, MIT
0.39, 0.16, 0.59, 0.08, 0.5, 0.0, 0.51, 0.27, NUC
0.47, 0.43, 0.48, 0.16, 0.5, 0.0, 0.46, 0.27, NUC
0.52, 0.5, 0.51, 0.2, 0.5, 0.0, 0.51, 0.22, NUC
0.36, 0.48, 0.5, 0.13, 0.5, 0.0, 0.49, 0.6, NUC
0.31, 0.39, 0.55, 0.28, 0.9744133712897108, 0.0, 0.46, 0.3382892188006754, NUC
0.51, 0.61, 0.5, 0.23, 0.5, 0.0, 0.52, 0.61, NUC
0.4, 0.6, 0.5, 0.16, 0.5, 0.0, 0.51, 0.22, CYT
0.53, 0.46, 0.54, 0.37, 0.5, 0.0, 0.51, 0.3, NUC
0.45, 0.66, 0.39, 0.11, 0.5, 0.0, 0.54, 0.739311064299967, ME3
0.55, 0.45, 0.58, 0.25, 0.5, 0.0, 0.49, 0.010561357953250724, NUC
0.45, 0.52, 0.5, 0.12, 0.5, 0.0, 0.6, 0.22, CYT
0.3986853830420145, 0.49, 0.54, 0.15, 0.5, 0.0, 0.5, 0.35, NUC
0.38, 0.44, 0.55, 0.44, 0.5, 0.0, 0.47, 0.51, NUC
0.27, 0.31, 0.55, 0.13, 0.5, 0.0, 0.5, 0.22, NUC
0.5, 0.56, 0.63, 0.7233790035181165, 0.5, 0.0, 0.42, 0.22, NUC
0.59, 0.51, 0.48, 0.12, 0.5, 0.0, 0.54, 0.31, CYT
0.61, 0.48, 0.56, 0.19, 0.5, 0.0, 0.53, 0.31, CYT
0.37, 0.44, 0.9853216190695114, 0.48, 0.5, 0.0, 0.36, 0.27, CYT
0.3958242412670106, 0.64, 0.45, 0.26, 0.5, 0.24396405163546186, 0.43, 0.22, CYT
0.35, 0.21, 1.0, 0.8, 0.5, 0.0, 0.13, 0.01, CYT
0.56, 0.35, 0.47, 0.41, 0.5, 0.0, 0.5, 0.22, CYT
0.52, 0.43, 0.61, 0.22, 0.5, 0.0, 0.45, 0.22, CYT
0.52, 0.65575556863699, 0.6174355699465227, 0.22, 0.5, 0.0, 0.45, 0.22, CYT
0.32, 0.44, 0.54, 0.21, 0.5, 0.0, 0.4, 0.19, CYT
0.48, 0.41, 0.52, 0.33, 0.5, 0.0, 0.51, 0.26, CYT
0.46, 0.54, 0.59, 0.41, 0.5, 0.0, 0.53, 0.21, CYT
0.38, 0.5, 0.52, 0.44, 0.5, 0.0, 0.54, 0.11, CYT
0.37, 0.850110126752432, 0.62, 0.43, 0.5, 0.7204835193745055, 0.44, 0.39, CYT
0.77, 0.86, 0.44, 0.27, 0.5, 0.0, 0.48, 0.22, ME1
0.5, 0.18593038529761377, 0.35372504028578405, 0.23, 0.5, 0.0, 0.53, 0.68, CYT
0.52, 0.54, 0.47, 0.49, 0.5, 0.0, 0.54, 0.22, MIT
0.49, 0.38, 0.56, 0.09, 0.5, 0.0, 0.46, 0.22, CYT
0.41, 0.49, 0.47, 0.09, 0.5, 0.0, 0.49, 0.22, CYT
0.41, 0.4, 0.6751482859056323, 0.17, 0.5, 0.0, 0.56, 0.22, CYT
0.39, 0.71, 0.38, 0.14, 0.5, 0.0, 0.5, 0.22, ME2
0.39, 0.3, 0.26791476142311343, 0.2, 0.5, 0.0, 0.43, 0.47, CYT
0.77, 0.82, 0.9265928926520499, 0.36, 0.5, 0.0, 0.38, 0.22, ME1
0.42, 0.28, 0.33, 0.23, 0.5, 0.0, 0.39, 0.26, ME3
0.47, 0.37, 0.46, 0.28, 0.6502614149707978, 0.0, 0.52, 0.99, NUC
0.48, 0.5, 0.47, 0.29, 0.5, 0.0, 0.46, 0.27, NUC
0.49, 0.49, 0.52, 0.18, 0.5, 0.0, 0.51, 0.25, NUC
0.56, 0.59, 0.45, 0.15, 0.5, 0.0, 0.54, 0.22, MIT
0.7, 0.57, 0.34, 0.19, 0.5, 0.0, 0.53, 0.19077596724749915, ME2
0.47, 0.44, 0.53, 0.18, 0.5, 0.0, 0.47, 0.29, NUC
0.42, 0.28, 0.49, 0.22, 0.5, 0.0, 0.55, 0.34, NUC
0.47, 0.5, 0.47, 0.22, 0.5, 0.0, 0.53, 0.45, NUC
0.33, 0.47, 0.55, 0.24, 0.5, 0.0, 0.45, 0.67, NUC
0.55, 0.4, 0.62, 0.22, 0.5, 0.0, 0.37, 0.28, NUC
0.54, 0.47, 0.58, 0.4, 0.5, 0.0, 0.46, 0.27, MIT
0.46, 0.5, 0.5, 0.28, 0.5, 0.0, 0.5, 0.37, NUC
0.38, 0.58, 0.46, 0.21, 0.5, 0.0, 0.52, 0.22, NUC
0.55, 0.47, 0.53, 0.2, 0.5, 0.0, 0.4, 0.22, NUC
0.47, 0.32, 0.51, 0.24, 0.5, 0.1491605685695914, 0.54, 0.27, NUC
0.61, 0.5, 0.61, 0.21, 0.5, 0.0, 0.55, 0.54, CYT
0.52, 0.56, 0.55, 0.16, 0.5, 0.0, 0.53, 0.39, CYT
0.41, 0.42, 0.23, 0.16, 0.5, 0.0, 0.4, 0.22, ME3
0.4, 0.65, 0.38, 0.17, 0.5, 0.7197308265487037, 0.57, 0.22, ME3
0.36, 0.37, 0.63, 0.25, 0.5, 0.0, 0.3, 0.22, CYT
0.49, 0.55, 0.41, 0.19, 0.5, 0.0, 0.48, 0.31, ME3
0.88, 0.72, 0.32, 0.3, 0.5, 0.0, 0.52, 0.33, ME1
0.28, 0.18, 0.72, 0.26, 0.5, 0.0, 0.49, 0.25, MIT
0.58, 0.43, 0.32, 0.11, 0.5, 0.3831278839784506, 0.49, 0.22, VAC
0.75, 0.76, 0.58, 0.22, 0.5, 0.0, 0.14706944522612483, 0.22, EXC
0.51, 0.59, 0.55, 0.08406435234566786, 0.5, 0.0, 0.52, 0.22, CYT
0.5, 0.49, 0.46, 0.22, 0.5, 0.0, 0.53, 0.25, CYT
0.62, 0.42, 0.47, 0.16, 0.5, 0.0, 0.52, 0.22, CYT
0.5, 0.9299264420452357, 0.52, 0.18, 0.9901862599631274, 0.0, 0.52, 0.22, CYT
0.59, 0.51, 0.47, 0.21, 0.5, 0.0, 0.47, 0.22, CYT
0.49, 0.48, 0.52, 0.24, 0.5, 0.0, 0.7248507476376488, 0.22, CYT
0.57, 0.35, 0.5, 0.43, 0.5, 0.0, 0.53, 0.22, CYT
0.49, 0.51, 0.52, 0.13, 0.5, 0.0, 0.51, 0.39152554292034486, NUC
0.63, 0.43, 0.48, 0.11, 0.5, 0.0, 0.51, 0.22, CYT
0.31090764240382884, 0.43, 0.48, 0.11, 0.5, 0.0, 0.51, 0.22, CYT
0.55, 0.79, 0.47566764329226396, 0.25, 0.5, 0.0, 0.51, 0.22, NUC
0.31, 0.31, 0.57, 0.15, 0.5, 0.0, 0.5, 0.22, CYT
0.33, 0.36, 0.62, 0.26, 0.5, 0.0, 0.55, 0.22, CYT
0.47, 0.56, 0.58, 0.19, 0.5, 0.0, 0.44, 0.64, CYT
0.4, 0.56, 0.53, 0.15, 0.5, 0.0, 0.49, 0.22, CYT
0.44, 0.49, 0.49, 0.27, 0.5, 0.0, 0.52, 0.4045845396827405, CYT
0.49, 0.46, 0.54, 0.18, 0.5, 0.0, 0.35, 0.22, CYT
0.59, 0.2025124729477131, 0.41, 0.53, 0.5236738714211793, 0.0, 0.48, 0.56, ME3
0.33, 0.46, 0.53, 0.12, 0.5, 0.0, 0.5, 0.27, CYT
0.5, 0.5, 0.48, 0.34, 0.5, 0.0, 0.52, 0.27, NUC
0.36, 0.52, 0.61, 0.33, 0.5, 0.0, 0.52, 0.37, NUC
0.52, 0.51, 0.48, 0.12, 0.5, 0.0, 0.54, 0.31, CYT
0.5518958576749768, 0.46, 0.49, 0.27, 0.5, 0.0, 0.59, 0.22, CYT
0.55, 0.44, 0.5, 0.3671708706224269, 0.5, 0.0, 0.55, 0.7876314175752065, VAC
0.66, 0.37, 0.6, 0.3300887815025842, 0.5, 0.0, 0.69, 0.22, MIT
0.51, 0.49, 0.48, 0.55, 0.5, 0.0, 0.52, 0.58, CYT
0.68, 0.68, 0.35, 0.16, 0.5, 0.0, 0.62, 0.22, VAC
0.57, 0.54, 0.32, 0.15, 0.5, 0.0, 0.52, 0.25, VAC
0.46, 0.52, 0.51, 0.13, 0.5, 0.0, 0.47, 0.22, CYT
0.53, 0.52, 0.7738632218013198, 0.27, 0.5, 0.0, 0.51, 0.22, CYT
0.54, 0.44, 0.38, 0.22, 0.5, 0.0, 0.54, 0.3, ME3
0.8, 0.82, 0.4, 0.31, 0.5, 0.0, 0.57, 0.25, ME1
0.4, 0.4, 0.43, 0.19, 0.5, 0.83, 0.30726397364103797, 0.22, POX
0.77, 0.7, 0.37, 0.12, 0.5, 0.0, 0.45499004926415854, 0.26, ME1
0.47, 0.61, 0.32, 0.27, 0.5, 0.0, 0.5, 0.3, ME3
0.55, 0.35, 0.36, 0.7417714925812957, 0.5, 0.0, 0.51, 0.22, ME3
0.32, 0.45, 0.5828392858600335, 0.14, 0.5, 0.0, 0.45, 0.22, ME3
0.63, 0.65, 0.42, 0.18, 0.5, 0.0, 0.54, 0.27, ME3
0.47, 0.4, 0.63, 0.19, 0.5, 0.0, 0.52, 0.32, NUC
0.38, 0.44, 0.57, 0.14, 0.5, 0.0, 0.53, 0.52, NUC
0.63, 0.71, 0.44, 0.53, 0.5, 0.0, 0.52, 0.22, ME2
0.51, 0.59, 0.46, 0.13, 0.5, 0.0, 0.48, 0.22, MIT
0.4019379790155072, 0.24, 0.51, 0.15, 0.6258418670915631, 0.0, 0.54, 0.4, NUC
0.38, 0.4, 0.39, 0.19, 0.5, 0.0, 0.46, 0.62, NUC
0.59, 0.67, 0.54, 0.19, 0.5, 0.0, 0.48, 0.6, NUC
0.38, 0.4, 0.66, 0.35, 0.5, 0.0, 0.43, 0.11, CYT
0.65, 0.54, 0.54, 0.13, 0.5, 0.0, 0.53, 0.22, CYT
0.48, 0.42, 0.52, 0.24, 0.5, 0.0, 0.56, 0.22, CYT
0.58, 0.51, 0.49, 0.27, 0.5, 0.0, 0.57, 0.29, CYT
0.63, 0.57, 0.59, 0.4, 0.5, 0.0, 0.38, 0.22, MIT
0.48, 0.23, 0.57, 0.27, 0.5, 0.0, 0.48, 0.47, NUC
0.59, 0.6, 0.49, 0.43, 0.5, 0.0, 0.53, 0.31, MIT
0.37, 0.46, 0.4, 0.27, 0.5, 0.0, 0.45, 0.22, NUC
0.42, 0.31, 0.62, 0.12, 0.5, 0.0, 0.4, 0.22, MIT
0.8, 0.46, 0.5, 0.15, 0.5, 0.0, 0.53, 0.22, CYT
0.35, 0.39, 0.57, 0.11, 0.5, 0.0, 0.48, 0.22, NUC
0.29, 0.43, 0.4, 0.15, 0.5, 0.0, 0.53, 0.22, ME3
0.4, 0.34, 0.52, 0.17, 0.5, 0.0, 0.47, 0.51, NUC
0.37, 0.7517793513861902, 0.58, 0.24, 0.5, 0.0, 0.44, 0.18, NUC
0.37, 0.43668135733033564, 0.64, 0.35, 0.5, 0.0, 0.47, 0.22, NUC
0.66, 0.62, 0.52, 0.42083477890604054, 0.5, 0.0, 0.49, 0.22, CYT
0.3, 0.5, 0.34, 0.26, 0.5, 0.0, 0.51, 0.22, ME3
0.75, 0.66, 0.64, 0.39, 0.5, 0.0, 0.46, 0.32, MIT
0.31, 0.42, 0.48, 0.17, 0.5, 0.0, 0.49, 0.5135161342363609, NUC
0.28, 0.46, 0.26, 0.18, 0.6207737581852762, 0.0, 0.39, 0.22, VAC
0.45, 0.53, 0.47, 0.43, 0.5, 0.0, 0.5, 0.27, MIT
0.69, 0.7, 0.5, 0.3, 0.5, 0.0, 0.54, 0.22, VAC
0.61, 0.46, 0.54, 0.045922377855964557, 0.5, 0.0, 0.16262258860110831, 0.22, CYT
0.38, 0.38, 0.54, 0.24, 0.5, 0.0, 0.54, 0.22, NUC
0.41, 0.49, 0.65, 0.28, 0.5, 0.0, 0.4415542753696335, 0.57, CYT
0.54, 0.44, 0.35, 0.19, 0.5, 0.0, 0.6241501700980938, 0.27, ME3
0.64, 0.31, 0.53, 0.15, 0.5, 0.0, 0.53, 0.31, CYT
0.36, 0.5, 0.39, 0.23, 0.5, 0.0, 0.5, 0.22, ME3
0.54, 0.43, 0.48, 0.27, 0.5, 0.0, 0.44, 0.41, CYT
0.48786810433442424, 0.46, 0.51, 0.25, 0.5, 0.0, 0.54, 0.22, CYT
0.4, 0.43, 0.49, 0.17, 0.679941109074266, 0.0, 0.51, 0.36, NUC
0.35, 0.29, 0.46, 0.14, 0.9265999025494326, 0.0, 0.54, 0.66, NUC
0.67, 0.57, 0.36, 0.19, 0.5, 0.0, 0.56, 0.22, ME2
0.42, 0.44, 0.48, 0.54, 0.5, 0.0, 0.48, 0.22, MIT
0.5, 0.54, 0.35427344645938685, 0.65, 0.5, 0.0, 0.53, 0.22, MIT
0.4, 0.42, 0.57, 0.35, 0.5, 0.0, 0.53, 0.25, CYT
0.51, 0.51, 0.52, 0.51, 0.5, 0.0, 0.23263665978159676, 0.22, MIT
0.53, 0.54, 0.43, 0.1, 0.5, 0.0, 0.57, 0.32, NUC
0.51, 0.51, 0.43, 0.87, 0.5, 0.0, 0.52, 0.22, MIT
0.74, 0.67, 0.47, 0.34, 0.5, 0.0, 0.42, 0.22, EXC
0.4, 0.45, 0.57, 0.18, 0.5, 0.0, 0.3728527274990577, 0.26, CYT
0.37, 0.36, 0.56, 0.18, 0.5, 0.0, 0.48, 0.26, VAC
0.74, 0.75, 0.58, 0.47, 0.8757746407938596, 0.6915448999082541, 0.4, 0.35, ME2
0.53, 0.44, 0.51, 0.33, 0.5, 0.0, 0.55, 0.32020322659988965, CYT
0.54, 0.48, 0.44, 0.08, 0.5, 0.0, 0.52, 0.27, CYT
0.6, 0.47, 0.45, 0.08921450169040228, 0.5, 0.0, 0.51, 0.29, CYT
0.81, 0.85, 0.47, 0.37, 0.5, 0.0, 0.56, 0.22, EXC
0.5, 0.58, 0.8131155007921894, 0.46, 0.5, 0.0, 0.46, 0.22, MIT
0.51, 0.54, 0.6, 0.57, 0.5, 0.0, 0.58, 0.22, MIT
0.67, 0.62, 0.4, 0.43, 0.5, 0.83, 0.5, 0.22, MIT
0.42, 0.47, 0.52, 0.41, 0.5, 0.0, 0.53, 0.32, CYT
0.36, 0.58, 0.35, 0.24, 0.5, 0.0, 0.44, 0.22, ME3
0.36, 0.43, 0.39, 0.12, 0.5, 0.0, 0.49, 0.22, ME3
0.22355627096108077, 0.65, 0.52, 0.16, 0.5, 0.0, 0.5483906599386573, 0.22, CYT
0.47, 0.47, 0.57, 0.48, 0.5, 0.06165318774796398, 0.48, 0.19549843603640293, MIT
0.35, 0.52, 0.48, 0.22, 0.5, 0.0, 0.26, 0.22, MIT
0.4361310258824683, 0.55, 0.34, 0.31, 0.5, 0.0, 0.54, 0.22, ME3
0.4, 0.38, 0.53, 0.16, 0.5, 0.0, 0.52, 0.27, NUC
0.5, 0.64, 0.57, 0.15, 0.5, 0.0, 0.47, 0.22, CYT
0.39, 0.58, 0.5, 0.26, 0.5, 0.0, 0.54, 0.59, ME3
0.39, 0.47, 0.56, 0.16, 0.5, 0.0, 0.47, 0.22, CYT
0.58, 0.48, 0.51, 0.47, 0.5, 0.0, 0.55, 0.22, NUC
0.43, 0.57, 0.53, 0.16, 0.5, 0.0, 0.54, 0.22, CYT
0.26, 0.36, 0.47, 0.34, 0.5, 0.0, 0.53, 0.72, NUC
0.8503720502719218, 0.68, 0.7681453845016997, 0.16, 0.5, 0.0, 0.53, 0.28, NUC
0.42, 0.31, 0.5, 0.3988387413320222, 0.5, 0.0, 0.53, 0.22, NUC
0.67, 0.71, 0.52, 0.65, 0.5, 0.0, 0.53, 0.36, NUC
0.26, 0.5, 0.33, 0.28, 0.5, 0.0, 0.51, 0.22, ME3
0.31, 0.44, 0.53, 0.23, 0.5, 0.0, 0.4784539904232263, 0.32, NUC
0.38, 0.68, 0.44, 0.45, 0.5, 0.0, 0.53, 0.22, MIT
0.48, 0.64, 0.61, 0.23, 0.8768462300945181, 0.0, 0.6, 0.22, CYT
0.32, 0.42, 0.52, 0.24, 0.5, 0.0, 0.6, 0.22, CYT
0.42, 0.58, 0.41, 0.65, 0.5, 0.6682466930356451, 0.46, 0.26, MIT
0.59, 0.61, 0.34, 0.22, 0.5, 0.0, 0.51, 0.22, MIT
0.52, 0.77, 0.38, 0.34, 0.5, 0.0, 0.51, 0.22, MIT
0.5, 0.8019273860291408, 0.6, 0.51, 0.5, 0.0, 0.48, 0.22, MIT
0.77, 0.79, 0.58, 0.23, 0.5, 0.0, 0.48, 0.22, EXC
0.82, 0.75, 0.54, 0.23, 0.5, 0.0, 0.46, 0.22, EXC
0.4, 0.56, 0.48, 0.14, 0.5, 0.0, 0.47, 0.22, MIT
0.42, 0.57, 0.72, 0.22, 0.5, 0.26046069393410826, 0.57, 0.22, MIT
0.44, 0.53, 0.52, 0.23, 0.5, 0.83, 0.51, 0.22, POX
0.31251818540564696, 0.58, 0.56, 0.21, 0.5, 0.0, 0.54, 0.33, NUC
0.27, 0.36, 0.4721732728653991, 0.33, 0.5, 0.0, 0.37, 0.31, NUC
0.35, 0.4, 0.59, 0.22, 0.5, 0.0, 0.47, 0.37, NUC
0.83, 0.58, 0.33, 0.04, 0.5, 0.0, 0.014218625566973031, 0.22, ME2
0.52, 0.54, 0.5, 0.21, 0.5, 0.0, 0.48, 0.3, CYT
0.55, 0.6563140569828251, 0.53, 0.11, 0.5, 0.0, 0.52, 0.48, CYT
0.92, 0.61, 0.4, 0.22, 0.5, 0.0, 0.54, 0.22, ME2
0.55, 0.56, 0.45, 0.14, 0.5, 0.0, 0.54, 0.22, CYT
0.63, 0.61, 0.41, 0.22, 0.5, 0.0, 0.51, 0.22, ME3
0.630087841553634, 0.38, 0.45, 0.19, 0.5, 0.0, 0.51, 0.22, ME2
0.77, 0.8, 0.849686982566418, 0.4, 1.0, 0.0, 0.54, 0.22, ERL
0.57, 0.61, 0.45, 0.9828247863293683, 0.5, 0.0, 0.5, 0.7159684725841434, CYT
0.25, 0.4, 0.51, 0.18, 0.5, 0.0, 0.5, 0.27, CYT
0.54, 0.57, 0.52, 0.8123714355315015, 0.5, 0.0, 0.59, 0.17287115989552604, NUC
0.42, 0.52, 0.4, 0.17, 0.9008245452774746, 0.0, 0.5, 0.26, ME3
0.91, 0.77, 0.34, 0.47, 0.5, 0.0, 0.36471570175716556, 0.31, ME1
0.41, 0.39, 0.51, 0.52, 0.5, 0.0, 0.49, 0.22, CYT
0.69, 0.6, 0.5, 0.8098264846042326, 0.5, 0.0, 0.55, 0.22, CYT
0.55, 0.66, 0.57, 0.32, 0.5, 0.0, 0.57, 0.34, CYT
0.23, 0.3, 0.58, 0.22, 0.5, 0.0, 0.48, 0.27, NUC
0.31, 0.31, 0.54, 0.18, 0.5, 0.0, 0.52, 0.29, NUC
0.91, 0.69, 0.57, 0.9164235903686899, 0.5, 0.0, 0.56, 0.22, ME2
0.59, 0.43, 0.52, 0.19, 0.5, 0.0, 0.55, 0.27, CYT
0.49, 0.31, 0.34, 0.13, 0.5, 0.0, 0.52, 0.22, ME3
0.58, 0.48, 0.56, 0.1, 0.5, 0.0, 0.7205656316644897, 0.25, NUC
0.58, 0.48, 0.56, 0.12, 0.5, 0.0, 0.46, 0.25, NUC
0.58, 0.45, 0.48, 0.6432724824741651, 0.5, 0.0, 0.52, 0.37, CYT
0.41, 0.6, 0.53, 0.2030868654146527, 0.5, 0.0, 0.47, 0.43, NUC
0.69, 0.5, 0.49, 0.42, 0.5, 0.0, 0.49, 0.22, MIT
0.21, 0.38, 0.49, 0.16, 0.5, 0.0, 0.51, 0.45, CYT
0.46, 0.57, 0.57, 0.15, 0.5, 0.0, 0.52, 0.26, NUC
0.57, 0.59, 0.5, 0.58, 0.5, 0.0, 0.53, 0.22, MIT
0.44, 0.42, 0.62, 0.6738309535835476, 0.5, 0.0, 0.55, 0.37, NUC
0.39, 0.39, 0.55, 0.52, 0.5, 0.0, 0.37, 0.16, NUC
0.51, 0.48, 0.58, 0.22, 0.7664147562501986, 0.0, 0.5, 0.28, NUC
0.53, 0.53, 0.53, 0.17, 0.6545600744789839, 0.0, 0.49, 0.37, NUC
0.32, 0.34, 0.61, 0.17, 0.7083860685137068, 0.0, 0.52, 0.32, NUC
0.41, 0.43, 0.5, 0.28, 0.5, 0.0, 0.5, 0.22, CYT
0.49, 0.4, 0.34, 0.26, 0.5, 0.0, 0.5, 0.22, ME3
0.52, 0.5, 0.53, 0.1, 0.5, 0.0, 0.48, 0.22, POX
0.53, 0.56, 0.49, 0.46, 0.7120940159568783, 0.0, 0.52, 0.22, MIT
0.51, 0.52, 0.48, 0.5, 0.5, 0.0, 0.51, 0.22, MIT
0.45, 0.7615604125129899, 0.53, 0.74, 0.5, 0.0, 0.47, 0.25, MIT
0.47, 0.63, 0.66, 0.45, 0.5, 0.0, 0.37, 0.11, MIT
0.56, 0.45, 0.59, 0.14, 0.5, 0.0, 0.51, 0.26, NUC
0.5, 0.46, 0.42, 0.32, 0.5, 0.0, 0.56, 0.8332755672357222, ME3
0.81, 0.76, 0.32, 0.015863340817360055, 0.5, 0.0, 0.51, 0.22, ME2
0.42, 0.25, 0.6, 0.14, 0.5, 0.0, 0.45, 0.22, CYT
0.67, 0.63, 0.34, 0.41, 0.5, 0.0, 0.6, 0.33, ME1
0.57, 0.49, 0.48, 0.16, 0.5, 0.0, 0.51, 0.27883137000697467, NUC
0.43, 0.32, 0.56, 0.27, 0.5, 0.0, 0.47, 0.27, NUC
0.84, 0.87, 0.45, 0.54, 0.5, 0.0, 0.28, 0.22, ME1
0.89, 0.82, 0.44380164960953444, 0.49, 0.5, 0.0, 0.55, 0.22, ME2
0.37, 0.55, 0.29, 0.32, 0.5, 0.0, 0.51, 0.22, ME3
0.52, 0.48, 0.54, 0.28, 0.5, 0.1248826181783533, 0.54, 0.22, NUC
0.52, 0.62, 0.54, 0.19, 0.5, 0.0, 0.5, 0.22, MIT
0.46, 0.4, 0.38, 0.18, 0.5, 0.0, 0.49, 0.22, ME3
0.5, 0.45, 0.48, 0.17, 0.5, 0.0, 0.5, 0.26, CYT
0.39, 0.37, 0.33, 0.23, 0.5, 0.0, 0.52, 0.26, ME3
0.41, 0.41, 0.51, 0.19, 0.5, 0.0, 0.57, 0.22, MIT
0.5, 0.49, 0.52, 0.2, 0.9939410256906276, 0.0, 0.43, 0.52, NUC
0.32, 0.47, 0.55, 0.25, 0.5, 0.0, 0.49, 0.22, MIT
0.49, 0.48, 0.46, 0.63, 0.5, 0.0, 0.52, 0.22, MIT
0.34, 0.54, 0.54, 0.13, 0.5, 0.0, 0.52, 0.22, CYT
0.43, 0.83, 0.55, 0.2, 0.5933304318677006, 0.0, 0.47, 0.4, NUC
0.36, 0.4, 0.53, 0.04968600884305453, 0.5, 0.0, 0.48, 0.22, MIT
0.57, 0.4, 0.62, 0.3, 0.5, 0.0, 0.48, 0.11, MIT
0.42, 0.53, 0.53, 0.64, 0.5, 0.0, 0.47, 0.22, MIT
0.41, 0.52, 0.53, 0.41, 0.5, 0.0, 0.39, 0.33, MIT
0.58, 0.52, 0.61, 0.33, 0.5, 0.0, 0.38, 0.11, MIT
0.64, 0.64, 0.56, 0.21, 0.5, 0.0, 0.5, 0.22, MIT
0.53, 0.52, 0.61, 0.35, 0.5, 0.0, 0.5, 0.22, MIT
0.55, 0.59, 0.47, 0.64, 0.5, 0.0, 0.54, 0.33, MIT
0.54, 0.64, 0.5, 0.13, 0.5, 0.0, 0.49, 0.22, MIT
0.76, 0.76, 0.35, 0.27, 0.5, 0.0, 0.44, 0.22, ME1
0.49, 0.44, 0.45, 0.55, 0.5, 0.0, 0.10582380703087518, 0.22, MIT
0.63, 0.47, 0.56, 0.12, 0.5, 0.0, 0.5, 0.22, MIT
0.51, 0.65, 0.8686725719409698, 0.19, 0.5, 0.0, 0.49, 0.22, EXC
0.42, 0.28, 0.57, 0.18, 0.5, 0.0, 0.42, 0.22, NUC
0.45, 0.41, 0.58, 0.48, 0.5, 0.0, 0.53, 0.64, NUC
0.9, 0.54, 0.59, 0.2, 0.5, 0.0, 0.48, 0.22, NUC
0.6776874701766501, 0.59, 0.54, 0.7003607525723895, 0.5, 0.0, 0.41, 0.3, NUC
0.69, 0.62, 0.49, 0.0, 1.0, 0.0, 0.47, 0.5458030313127216, NUC
0.43, 0.38, 0.38, 0.12, 0.5, 0.0, 0.5, 0.22, ME2
0.39, 0.42, 0.49709304622772454, 0.1, 0.5, 0.0, 0.49, 0.65, NUC
0.8508205401247415, 0.28, 0.54, 0.14, 0.5, 0.0, 0.59, 0.22, MIT
0.49, 0.27, 0.57, 0.18, 0.5, 0.83, 0.54, 0.22, POX
0.64, 0.52, 0.5, 0.26, 0.5, 0.0, 0.51, 0.31, NUC
0.6, 0.5859207514384577, 0.54, 0.53, 0.5, 0.0, 0.52, 0.27, MIT
0.49, 0.8344610022018806, 0.53, 0.16, 0.5, 0.0, 0.49, 0.31, CYT
0.52, 0.46, 0.51, 0.18, 0.5, 0.0, 0.5, 0.22, CYT
0.55, 0.59, 0.52, 0.1, 0.5, 0.0, 0.53, 0.22, CYT
0.6924129280057766, 0.38, 0.45, 0.19, 0.5, 0.0, 0.54, 0.37, NUC
0.41, 0.48, 0.38, 0.13, 0.5, 0.0, 0.51, 0.35, ME3
0.51, 0.46, 0.49, 0.21, 0.5, 0.0, 0.55, 0.22, VAC
0.4, 0.36, 0.55, 0.15, 0.5, 0.0, 0.53, 0.6820835575186842, VAC
0.59, 0.58, 0.47, 0.61, 0.5, 0.0, 0.44, 0.3, MIT
0.62, 0.43, 0.49, 0.29, 0.5, 0.0, 0.5, 0.27, CYT
0.48, 0.42, 0.48, 0.19, 0.5, 0.0, 0.58, 0.22, CYT
0.47, 0.61, 0.5, 0.23, 0.5, 0.0, 0.49, 0.22, ME3
0.27, 0.56, 0.3, 0.14, 0.5, 0.0, 0.52, 0.39, ME3
0.38, 0.48, 0.51, 0.13, 0.5, 0.0, 0.5, 0.32, NUC
0.49, 0.71, 0.54, 0.13, 0.5, 0.0, 0.58, 0.22, NUC
0.63, 0.55, 0.53, 0.51, 0.5, 0.0, 0.55, 0.22, VAC
0.56, 0.48, 0.5, 0.17, 0.5, 0.0, 0.51, 0.26, CYT
0.62, 0.41, 0.52, 0.17, 0.5, 0.0, 0.48, 0.22, NUC
0.35, 0.47, 0.53, 0.19, 0.5, 0.0, 0.219367801020706, 0.22, CYT
0.6, 0.59, 0.6038075444111153, 0.8319913313798586, 0.5, 0.0, 0.53, 0.22, MIT
0.33, 0.28, 0.5, 0.4, 0.5, 0.0, 0.46, 0.61, NUC
0.45, 0.54, 0.49, 0.29, 0.5, 0.0, 0.49, 0.25, NUC
0.41, 0.52, 0.56, 0.26, 0.5, 0.0, 0.48, 0.32, NUC
0.59, 0.47, 0.51, 0.53, 0.5, 0.004813693253047226, 0.53, 0.26, CYT
0.57, 0.7070249944196606, 0.52, 0.16, 0.5, 0.6783941193736144, 0.49, 0.39, NUC
0.64, 0.44, 0.51, 0.35, 0.5, 0.0, 0.53, 0.22, CYT
0.45, 0.43, 0.5, 0.25, 0.5, 0.0, 0.47, 0.22, MIT
0.7941576305786514, 0.36, 0.64, 0.37, 0.5, 0.0, 0.37, 0.33, NUC
0.6101666420675271, 0.44, 0.64, 0.19, 0.5, 0.0, 0.38, 0.33, NUC
0.61, 0.38, 0.57, 0.36, 0.5, 0.0, 0.44, 0.21, CYT
0.35, 0.41, 0.53, 0.27, 0.5, 0.0, 0.47, 0.29, NUC
0.4, 0.3, 0.57, 0.13, 0.5, 0.0, 0.46, 0.22, NUC
0.44, 0.5, 0.55, 0.24, 0.5, 0.0, 0.48, 0.22, NUC
0.37, 0.45, 0.53, 0.14, 0.5, 0.0, 0.49, 0.22, NUC
0.37, 0.3, 0.51, 0.15, 0.5, 0.0, 0.58, 0.26, NUC
0.57, 0.43, 0.52, 0.3, 0.5, 0.0, 0.37, 0.11, CYT
0.44, 0.56, 0.52, 0.18, 0.5, 0.0, 0.5, 0.11, CYT
0.36, 0.56, 0.52, 0.18, 0.5, 0.0, 0.45, 0.16, CYT
0.72, 0.37, 0.63, 0.38, 0.5, 0.0, 0.4, 0.14, CYT
0.44, 0.36, 0.64, 0.45, 0.5, 0.0, 0.53, 0.11, CYT
0.34, 0.34, 0.65, 0.4, 0.5, 0.0, 0.32, 0.16, CYT
0.54, 0.44, 0.55, 0.48, 0.5, 0.0, 0.47, 0.22, CYT
0.69, 0.9986156960992645, 0.55, 0.23, 0.5, 0.0, 0.73, 0.22, CYT
0.46, 0.39, 0.54, 0.22, 0.5, 0.0, 0.48, 0.25, CYT
0.46, 0.39, 0.54, 0.22, 0.5, 0.0, 0.48, 0.25, CYT
0.42, 0.5, 0.64, 0.13, 0.5, 0.0, 0.49, 0.22, CYT
0.38, 0.5, 0.52, 0.44, 0.5, 0.0, 0.54, 0.11, CYT
0.51, 0.7432806220914425, 0.58, 0.17, 0.5, 0.0, 0.47, 0.28, CYT
0.6, 0.57, 0.52, 0.14, 0.5, 0.0, 0.46, 0.48, NUC
0.56, 0.65, 0.9255170701852806, 0.56, 0.5, 0.0, 0.49, 0.22, MIT
0.54, 0.64, 0.4, 0.56, 0.5, 0.0, 0.51, 0.7729521239579078, MIT
0.6, 0.51, 0.49, 0.18, 0.5, 0.0, 0.53, 0.38, CYT
0.34, 0.46, 0.52, 0.19, 0.5, 0.0, 0.53, 0.9844854054936407, CYT
0.44, 0.71, 0.5, 0.21, 0.5, 0.0, 0.54, 0.27, CYT
0.56, 0.49, 0.32, 0.22, 0.5, 0.0, 0.5, 0.22, ME2
0.44, 0.51, 0.53, 0.3, 0.5, 0.0, 0.53, 0.22, CYT
0.52, 0.55, 0.39, 0.09, 1.0, 0.0, 0.55, 0.25, ME3
0.85, 0.69, 0.34, 0.31, 0.5, 0.0, 0.57, 0.3, ME1
0.47, 0.56, 0.53, 0.44, 0.5, 0.0, 0.53, 0.22, MIT
0.45, 0.41, 0.53, 0.49, 0.5, 0.0, 0.49, 0.31, NUC
0.56, 0.55, 0.57, 0.15, 0.5, 0.0, 0.54, 0.25, CYT
0.37, 0.47, 0.49, 0.12, 0.5, 0.7642533725882539, 0.47, 0.31, NUC
0.32, 0.6, 0.48, 0.13, 0.5, 0.0, 0.53, 0.22, NUC
0.48, 0.55, 0.58, 0.18, 0.5, 0.0, 0.49413107820417057, 0.69, NUC
0.6187329347102747, 0.5, 0.51, 0.26, 0.5, 0.0, 0.52, 0.22, CYT
0.6, 0.64, 0.56, 0.36, 0.5, 0.0, 0.46, 0.27, CYT
0.27, 0.41, 0.24, 0.7151678110741004, 0.5, 0.0, 0.49, 0.22, ME3
0.25, 0.35, 0.22, 0.18, 0.5, 0.0, 0.46, 0.22, ME3
0.39, 0.45, 0.51, 0.29, 0.5, 0.0, 0.54, 0.22, CYT
0.66, 0.43, 0.57, 0.6, 0.5, 0.0, 0.19, 0.33, NUC
0.51, 0.5, 0.54, 0.11, 0.5, 0.0, 0.6, 0.22, NUC
0.5, 0.45, 0.51, 0.19, 0.5, 0.0, 0.53, 0.25, CYT
0.44, 0.43, 0.46, 0.28, 0.5, 0.0, 0.45, 0.29, NUC
0.32, 0.68, 0.51, 0.16, 0.5, 0.83, 0.55, 0.22, POX
0.73, 0.52, 0.59, 0.25, 0.5, 0.0, 0.51, 0.22, NUC
0.49, 0.6, 0.54, 0.35, 0.5, 0.0, 0.53, 0.46, NUC
0.49, 0.6, 0.42, 0.18, 0.5, 0.0, 0.58, 0.28, NUC
0.53, 0.48, 0.51, 0.18, 0.5, 0.0, 0.51, 0.27, CYT
0.49, 0.31, 0.43, 0.24, 0.5, 0.0, 0.54, 0.22, ME3
0.46, 0.41, 0.43, 0.18, 0.9655232158176422, 0.0, 0.54, 0.22, ME3
0.32, 0.36, 0.28, 0.38, 0.5, 0.0, 0.5, 0.4, ME3
0.45, 0.57, 0.52, 0.21, 0.5, 0.0, 0.54, 0.38, NUC
0.39, 0.39, 0.65, 0.16, 0.5, 0.0, 0.45, 0.22, CYT
0.41, 0.35, 0.6, 0.22, 0.5, 0.0, 0.56, 0.79, CYT
0.41, 0.39, 0.61, 0.17, 0.5, 0.0, 0.5, 0.61, NUC
0.54, 0.67, 0.56, 0.15, 0.5, 0.0, 0.57, 0.33, NUC
0.7353057749558487, 0.59, 0.65, 0.14, 0.5, 0.0, 0.49, 0.33, NUC
0.47, 0.38, 0.5, 0.15, 0.5, 0.0, 0.49, 0.47, NUC
0.42, 0.5, 0.59, 0.17, 0.5, 0.0, 0.51, 0.22, CYT
0.55, 0.69, 0.51, 0.12, 0.5, 0.0, 0.51, 0.22, CYT
0.47, 0.46, 0.53, 0.12, 0.5, 0.0, 0.51, 0.25, NUC
0.57, 0.29, 0.63, 0.07039312787130315, 0.5, 0.0, 0.49, 0.27, NUC
0.41, 0.7058211959283383, 0.53, 0.17, 0.9032455694170776, 0.0, 0.48, 0.58, NUC
0.42, 0.45, 0.75, 0.21, 0.5, 0.0, 0.48, 0.22, CYT
0.63, 0.54, 0.53, 0.27, 0.5, 0.0, 0.49, 0.22, CYT
0.4, 0.44, 0.5, 0.13, 0.5, 0.0, 0.12793046066722144, 0.39, CYT
0.55, 0.39, 0.39, 0.47, 0.5, 0.0, 0.5, 0.83, ME3
0.57, 0.36, 0.51, 0.25, 0.5, 0.0, 0.54, 0.25, CYT
0.45, 0.21559603729182764, 0.51, 0.25, 0.5, 0.0, 0.59, 0.22, CYT
0.59, 0.64, 0.44, 0.26, 0.5, 0.0, 0.5, 0.22, CYT
0.53, 0.42, 0.53, 0.19, 0.5, 0.0, 0.47, 0.22, CYT
0.59, 0.46, 0.55, 0.17, 0.6078309078253412, 0.0, 0.52, 0.25, CYT
0.46, 0.47, 0.62, 0.3, 0.5, 0.0, 0.38, 0.22, CYT
0.59, 0.7, 0.46, 0.19, 0.5, 0.0, 0.54, 0.44, CYT
0.53, 0.44, 0.54, 0.52, 0.6437071074367751, 0.0, 0.49, 0.38, NUC
0.4, 0.28, 0.58, 0.44, 0.5, 0.0, 0.41, 0.22, CYT
0.44, 0.35, 0.55, 0.14, 0.5, 0.0, 0.52, 0.22, VAC
0.48, 0.49, 0.49, 0.19367161118278084, 0.5, 0.0, 0.39, 0.27, VAC
0.65, 0.38994086355668045, 0.30958645544936564, 0.22, 0.5, 0.0, 0.52, 0.27, CYT
0.49, 0.53, 0.36, 0.15, 0.5, 0.0, 0.52, 0.27, ME3
0.71, 0.79, 0.41, 0.38, 0.5, 0.0, 0.54, 0.22, ME1
0.9004706442753018, 0.3, 0.37, 0.15, 0.5, 0.0, 0.53, 0.25, ME3
0.4, 0.44, 0.47, 0.25, 0.5, 0.0, 0.54, 0.56, NUC
0.29, 0.39, 0.46, 0.36, 0.5, 0.0, 0.51, 0.22, NUC
0.43, 0.6, 0.4, 0.12, 0.5, 0.0, 0.49, 0.29, ME3
0.65, 0.8592060921991259, 0.26, 0.33, 0.5, 0.0, 0.55, 0.22, ME3
0.3, 0.68, 0.41, 0.17, 0.5, 0.0, 0.51, 0.22, ME3
0.69, 0.57, 0.895473474703141, 0.19, 0.5, 0.0, 0.48, 0.39, ME2
0.51, 0.38, 0.42, 0.21, 0.5, 0.0, 0.46, 0.34, ME3
0.54, 0.54, 0.56, 0.18, 0.5, 0.0, 0.46, 0.29, NUC
0.71, 0.64, 0.42, 0.28, 0.5, 0.0, 0.43, 0.22, EXC
0.58, 0.44, 0.45, 0.32, 0.5, 0.0, 0.52, 0.37, NUC
0.9480835685013057, 0.58, 0.47, 0.17, 0.5, 0.0, 0.53, 0.74, CYT
0.38, 0.37, 0.36, 0.14, 0.5, 0.0, 0.54, 0.22, ME3
0.4, 0.4, 0.44, 0.37, 0.5, 0.0, 0.53, 0.25, NUC
0.8, 0.79, 0.43, 0.25, 0.9968719108721409, 0.0, 0.52, 0.22, EXC
0.49, 0.56, 0.37, 0.2, 0.5, 0.0, 0.53, 0.22, ME3
0.49, 0.55, 0.35, 0.23, 0.5, 0.0, 0.57, 0.22, ME3
0.47, 0.5, 0.6, 0.63, 0.7198990664258365, 0.0, 0.38, 0.16, CYT
0.58, 0.67, 0.49, 0.16, 0.5, 0.0, 0.47, 0.28, MIT
0.85, 0.85, 0.3, 0.31, 0.5, 0.0, 0.55, 0.7128151468263975, ME1
0.41, 0.25, 0.59, 0.44, 0.5, 0.0, 0.6, 0.69, NUC
0.57, 0.59, 0.49, 0.86, 0.5, 0.0, 0.47, 0.22, NUC
0.5, 0.61, 0.44, 0.2, 0.5, 0.0, 0.49, 0.22, MIT
0.41, 0.45, 0.46, 0.23, 0.5, 0.0, 0.5, 0.7, CYT
0.32, 0.29, 0.5054023870721931, 0.08, 0.8250128809188058, 0.0, 0.19334092524213273, 0.9784665787542394, ME3
0.38, 0.48, 0.57, 0.3, 0.5, 0.0, 0.41, 0.11, CYT
0.71, 0.5, 0.5, 0.18, 0.5, 0.0, 0.46, 0.7480452542072268, CYT
0.38, 0.32, 0.64, 0.41, 0.5, 0.0, 0.44, 0.11, CYT
0.47, 0.43, 0.61, 0.4, 0.5, 0.0, 0.48, 0.47, NUC
0.59, 0.45, 0.53, 0.19, 0.5, 0.0, 0.59, 0.27, CYT
0.8, 0.88, 0.36, 0.39, 0.5, 0.0, 0.56, 0.33, ME1
0.56, 0.48, 0.58, 0.27, 0.5, 0.0, 0.51, 0.22, CYT
0.41, 0.39, 0.44, 0.34, 0.5, 0.0, 0.6851223179826332, 0.4, NUC
0.39, 0.45, 0.53, 0.18, 0.5, 0.0, 0.54, 0.22, CYT
0.41, 0.52, 0.41, 0.11, 0.5, 0.0, 0.54, 0.35, CYT
0.43, 0.42, 0.54, 0.22, 0.5, 0.0, 0.57, 0.33, NUC
0.54, 0.52, 0.54, 0.2, 0.5, 0.0, 0.55, 0.2410065751152594, NUC
0.36, 0.9417231784764964, 0.51, 0.17, 0.5, 0.0, 0.6, 0.19, NUC
0.33, 0.48, 0.55, 0.16, 0.5, 0.0, 0.53, 0.75, NUC
0.55, 0.51, 0.54, 0.2, 0.5, 0.0, 0.56, 0.22, CYT
0.42, 0.65, 0.58, 0.34, 0.5, 0.0, 0.5, 0.22, MIT
0.42, 0.28, 0.51, 0.23, 0.5, 0.19144686114309514, 0.53, 0.27, NUC
0.47, 0.47, 0.54, 0.19, 0.5, 0.0, 0.51, 0.33, NUC
0.6, 0.48, 0.7258232048563248, 0.32, 0.6366209769939587, 0.0, 0.4, 0.33, CYT
0.47, 0.539447636122221, 0.48, 0.51, 0.5, 0.0, 0.54, 0.22, MIT
0.61, 0.53, 0.59, 0.17, 0.5, 0.0, 0.44, 0.28, CYT
0.66, 0.6, 0.52, 0.6853373604093999, 0.5, 0.0, 0.69, 0.22, CYT
0.57, 0.48, 0.54, 0.22, 0.5, 0.0, 0.5, 0.11, CYT
0.85, 0.66, 0.49, 0.18, 0.8102752550761856, 0.0, 0.51, 0.22, ME1
0.3, 0.33, 0.55, 0.12, 0.5, 0.0, 0.53, 0.38, CYT
0.43, 0.67, 0.48, 0.27, 0.5, 0.0, 0.53, 0.22, MIT
0.51, 0.4, 0.56, 0.17, 0.5, 0.5, 0.49, 0.14158075608815548, CYT
0.4, 0.39, 0.6, 0.15, 0.5, 0.0, 0.58, 0.3, CYT
0.42, 0.37, 0.59, 0.2, 0.5, 0.0, 0.52, 0.29, NUC
0.46, 0.44, 0.52, 0.11, 0.5, 0.0, 0.5, 0.22, CYT
0.47, 0.39, 0.5, 0.11, 0.5, 0.0, 0.49, 0.4, CYT
0.58, 0.47, 0.54, 0.11, 0.6647553904132814, 0.0, 0.51, 0.26, NUC
0.45, 0.4, 0.5, 0.16, 0.5, 0.0, 0.5, 0.22, CYT
0.9777992685320319, 0.53, 0.43, 0.44, 0.5, 0.0, 0.5, 0.22, MIT
0.57, 0.53, 0.53, 0.34, 0.5, 0.0, 0.53, 0.12032179025009317, MIT
0.64, 0.59, 0.56, 0.23, 0.5, 0.0, 0.46, 0.22, CYT
0.38, 0.49, 0.53, 0.19, 0.5, 0.0, 0.5, 0.22, CYT
0.45, 0.58, 0.48, 0.67, 0.5, 0.0, 0.52, 0.22, MIT
0.37, 0.32, 0.47, 0.18, 0.5, 0.0, 0.45, 0.25, NUC
0.6, 0.5, 0.44, 0.61, 0.5, 0.0, 0.47, 0.22, MIT
0.33, 0.43, 0.64, 0.16, 0.5, 0.0, 0.52, 0.52, NUC
0.49, 0.61, 0.49, 0.25, 0.5, 0.0, 0.5, 0.28, CYT
0.47, 0.52, 0.5, 0.4, 0.5, 0.0, 0.41, 0.22, CYT
0.47, 0.39, 0.55, 0.24, 0.5, 0.0, 0.18378568345303314, 0.22, CYT
0.44, 0.59, 0.36, 0.16, 0.5, 0.0, 0.52, 0.22, ME3
0.45, 0.8823663910926242, 0.5, 0.6, 0.5, 0.0, 0.49, 0.22, MIT
0.47, 0.41, 0.66, 0.8556703736203887, 0.5, 0.0, 0.53, 0.22, MIT
0.53, 0.51, 0.55, 0.05, 0.5, 0.02012451856632822, 0.45, 0.25, NUC
0.29, 0.32, 0.58, 0.15, 0.5, 0.0, 0.5, 0.3, CYT
0.54, 0.49, 0.49, 0.2, 0.8074706767935935, 0.0, 0.52, 0.22, CYT
0.42, 0.51, 0.5, 0.12, 0.5, 0.0, 0.52, 0.46, NUC
0.57, 0.28940044475705373, 0.53, 0.18, 0.5, 0.0, 0.56, 0.25, NUC
0.49, 0.31, 0.754319528584443, 0.35, 0.5, 0.0, 0.51, 0.29, NUC
0.37, 0.58, 0.44, 0.51, 0.5, 0.0, 0.44, 0.22, MIT
0.35, 0.66, 0.49, 0.21, 0.5, 0.0, 0.54, 0.25, CYT
0.52, 0.4, 0.6, 0.12, 0.5, 0.0, 0.55, 0.22, CYT
0.57, 0.41, 0.59, 0.24, 0.5, 0.0, 0.4, 0.22, CYT
0.58, 0.56, 0.45, 0.12, 0.5, 0.0, 0.51, 0.22, NUC
0.31, 0.46, 0.54, 0.52, 0.5, 0.0, 0.5, 0.34, NUC
0.38, 0.51, 0.75, 0.17, 0.5, 0.0, 0.55, 0.22, CYT
0.44, 0.68, 0.45, 0.51, 0.5, 0.0, 0.52, 0.41, MIT
0.55, 0.42, 0.34, 0.3, 0.5, 0.0, 0.52, 0.22, ME3
0.36, 0.68, 0.38, 0.08, 0.5, 0.7591095097780017, 0.53, 0.25, VAC
0.43, 0.39, 0.54, 0.14, 0.5, 0.0, 0.47, 0.22, NUC
0.17348314462077877, 0.42, 0.41, 0.16, 0.5, 0.0, 0.52, 0.22, ME2
0.37, 0.53, 0.46, 0.03045479558186019, 0.5, 0.0, 0.47, 0.22, NUC
0.58, 0.6, 0.43, 0.12, 0.5, 0.0, 0.55, 0.22, ME3
0.54, 0.65, 0.49, 0.34, 0.5, 0.0, 0.52, 0.22, CYT
0.58, 0.53, 0.38, 0.18, 0.5, 0.0, 0.52, 0.22, ME3
0.35, 0.6, 0.47, 0.13, 0.5, 0.0, 0.52, 0.43, NUC
0.35, 0.46, 0.49, 0.15, 1.0, 0.0, 0.55, 0.35, CYT
0.63, 0.62, 0.42, 0.12, 0.5, 0.0, 0.52, 0.25, CYT
0.71, 0.38746355402689975, 0.53, 0.15, 0.5, 0.0, 0.2439324039392947, 0.33, CYT
0.46, 0.35, 0.33, 0.17, 0.5, 0.0, 0.55, 0.22, ME3
0.35, 0.56, 0.36, 0.3, 0.5, 0.0, 0.53, 0.25, ME3
0.51, 0.58, 0.54, 0.29, 0.5, 0.0, 0.53, 0.22, CYT
0.44, 0.51, 0.37, 0.15, 0.5, 0.0, 0.51, 0.22, ME3
0.42, 0.39, 0.47, 0.13, 0.8199987087445331, 0.0, 0.5, 0.27, CYT
0.17, 0.38, 0.45, 0.09, 0.5, 0.0, 0.54, 0.27, NUC
0.48, 0.39, 0.49, 0.18, 0.5, 0.0, 0.51, 0.22, CYT
0.74, 0.53, 0.5, 0.08, 0.5, 0.0, 0.55, 0.31, CYT
0.40956566097903196, 0.48, 0.38, 0.15, 0.5, 0.0, 0.55, 0.8304903714057269, ME2
0.3, 0.5, 0.47, 0.11, 0.5, 0.0, 0.46, 0.22, CYT
0.4, 0.48, 0.5, 0.17, 0.5, 0.0, 0.54, 0.5, CYT
0.47, 0.49, 0.63, 0.17, 0.5, 0.0, 0.31, 0.26, NUC
0.53, 0.43, 0.47, 0.15, 0.5, 0.0, 0.58, 0.22, CYT
0.46, 0.45, 0.56, 0.16, 0.5, 0.0, 0.56, 0.6649812407942911, CYT
0.5, 0.45, 0.49, 0.15, 0.526738584397067, 0.0, 0.55, 0.43, NUC
0.33, 0.28, 0.31, 0.24, 0.5, 0.0, 0.53, 0.22, ME3
0.61, 0.54, 0.49, 0.19, 0.5, 0.0, 0.54, 0.47, CYT
0.51, 0.68, 0.49, 0.59, 0.5051508888148588, 0.0, 0.54, 0.27, MIT
0.55, 0.49, 0.5, 0.46, 0.5, 0.0, 0.52, 0.25, MIT
0.5, 0.46, 0.52, 0.16, 0.5, 0.0, 0.52, 0.26, CYT
0.35, 0.5898148397146293, 0.47, 0.22, 0.5, 0.0, 0.5, 0.28, MIT
0.43, 0.51, 0.6, 0.25, 0.5, 0.0, 0.38179958588485596, 0.22, CYT
0.68, 0.5, 0.43, 0.27, 0.5, 0.0, 0.61, 0.22, ME2
0.59, 0.53, 0.47, 0.26, 0.5, 0.0, 0.53, 0.31, NUC
0.2680067327590675, 0.51, 0.54, 0.52, 0.5, 0.0, 0.47, 0.25, MIT
0.86, 0.92, 0.5, 0.37, 1.0, 0.0, 0.53, 0.32, ERL
0.42, 0.51, 0.39, 0.22, 0.5, 0.0, 0.49, 0.26, ME3
0.51, 0.43, 0.47, 0.19, 0.5, 0.0, 0.52, 0.37, CYT
0.44, 0.53, 0.43, 0.3740424177083286, 0.5, 0.0, 0.54, 0.75, NUC
0.39, 0.37, 0.33, 0.23, 0.5, 0.0, 0.53, 0.3186892285753715, ME3
0.48, 0.51, 0.57, 0.24, 0.5, 0.0, 0.5, 0.7972460288548018, CYT
0.68, 0.58, 0.51, 0.19, 0.5, 0.83, 0.54, 0.22, POX
0.51, 0.47, 0.41, 0.44, 0.5, 0.0, 0.5, 0.22, ME3
0.70866534321305, 0.44, 0.45, 0.22, 0.5, 0.0, 0.51, 0.22, CYT
0.46, 0.57, 0.52, 0.28, 0.5, 0.0, 0.52, 0.22, NUC
0.53, 0.48, 0.45, 0.44, 0.5, 0.0, 0.49, 0.27, MIT
0.7, 0.53, 0.3952767223737381, 0.22, 0.504760753946556, 0.0, 0.51, 0.28, NUC
0.68, 0.68, 0.49, 0.15, 0.5, 0.0, 0.53, 0.22, EXC
0.40985239111582106, 0.6, 0.35, 0.21, 0.5, 0.0, 0.52, 0.22, ME3
0.55, 0.49, 0.45, 0.18, 0.5, 0.0, 0.49, 0.22, NUC
0.4, 0.47, 0.48, 0.18, 0.5, 0.0, 0.46, 0.22, CYT
0.8, 0.81, 0.55, 0.35, 0.9155070282089308, 0.0, 0.42, 0.22, EXC
0.48, 0.47, 0.54, 0.55, 0.5, 0.6378990129050564, 0.51, 0.65, MIT
0.66, 0.66, 0.7587189582289939, 0.902272236510709, 0.5, 0.0, 0.51, 0.22, ME2
0.58, 0.9056700085372827, 0.46, 0.34, 0.5, 0.0, 0.5, 0.9458915719170802, NUC
0.6, 0.62, 0.54, 0.4, 0.5, 0.0, 0.5, 0.22, MIT
0.52, 0.5, 0.59, 0.31, 0.5, 0.0, 0.5, 0.22, MIT
0.45, 0.38, 0.64, 0.14, 0.5, 0.0, 0.54, 0.22, MIT
0.6, 0.57, 0.64, 0.52, 0.5, 0.22923135461500643, 0.47, 0.28, MIT
0.57, 0.61, 0.55, 0.27, 0.5, 0.0, 0.44, 0.21, MIT
0.38, 0.54, 0.54, 0.41, 0.5, 0.0, 0.51, 0.22, MIT
0.43, 0.32, 0.5, 0.29, 0.5, 0.0, 0.5, 0.22, MIT
0.32, 0.45, 0.44, 0.2, 0.5, 0.0, 0.55, 0.33, NUC
0.51, 0.6, 0.51, 0.26, 0.5, 0.0, 0.54, 0.22, NUC
0.49, 0.46, 0.42, 0.46, 0.5, 0.0, 0.55, 0.22, NUC
0.51, 0.56, 0.5516913614775267, 0.24, 0.5, 0.0, 0.52, 0.51, NUC
0.58, 0.57, 0.54, 0.69, 0.5, 0.0, 0.54, 0.22, MIT
0.55, 0.53, 0.54, 0.4, 0.5, 0.0, 0.48, 0.22, MIT
0.41, 0.47, 0.58, 0.62, 0.5, 0.0, 0.5, 0.22, MIT
0.44, 0.53, 0.53, 0.23962053080080556, 0.5, 0.0, 0.51, 0.22, MIT
0.47, 0.46, 0.55, 0.28, 0.5, 0.7053994954622814, 0.44, 0.46, NUC
0.41, 0.59, 0.46, 0.19, 0.5, 0.04981642239489975, 0.36, 0.22, EXC
0.44, 0.41, 0.29, 0.6744680399248535, 0.5, 0.0, 0.49, 0.22, ME3
0.8864796221108361, 0.46, 0.54, 0.41, 0.5, 0.0, 0.53, 0.22, MIT
0.5, 0.36, 0.53, 0.41, 0.5, 0.0, 0.55, 0.9574655806546718, CYT
0.59, 0.58, 0.595318472691653, 0.52, 0.5, 0.0, 0.5, 0.31, CYT
0.78, 0.63, 0.53, 0.13, 0.5, 0.0, 0.54, 0.22, ME2
0.48, 0.62, 0.52, 0.3, 0.9549030675447786, 0.0, 0.51, 0.37, NUC
0.41961469765976417, 0.34, 0.68, 0.03254816751753636, 0.5, 0.0, 0.5449632263916925, 0.29, NUC
0.4, 0.53, 0.44, 0.18, 0.5, 0.0, 0.54, 0.31, NUC
0.36, 0.3, 0.5, 0.19, 0.5432908053145024, 0.0, 0.55, 0.9839865236971496, NUC
0.45, 0.21, 0.49, 0.24, 0.5, 0.0, 0.46, 0.31, NUC
0.87, 0.47, 0.6, 0.47, 0.5, 0.0, 0.59, 0.22, NUC
0.51, 0.34, 0.49, 0.16, 0.5, 0.0, 0.53, 0.21, NUC
0.78, 0.65, 0.4, 0.16, 0.5, 0.0, 0.63, 0.22, MIT
0.68, 0.59, 0.44, 0.49, 0.5, 0.0, 0.4, 0.26, POX
0.5, 0.51, 0.57, 0.27, 0.5, 0.0, 0.48, 0.6054128656642076, POX
0.51, 0.46, 0.57, 0.4767749683178903, 0.5, 0.0, 0.53, 0.22, CYT
0.49, 0.45, 0.46, 0.18, 0.5, 0.0, 0.49, 0.31, CYT
0.39, 0.58, 0.5, 0.1, 0.5, 0.0, 0.51, 0.14528754589736637, CYT
0.9337829246869737, 0.58, 0.59, 0.44, 0.5, 0.0, 0.56, 0.22, MIT
0.46, 0.49, 0.45, 0.28, 0.5, 0.0, 0.55, 0.22, VAC
0.47164200100154663, 0.32, 0.49, 0.49, 0.5, 0.0, 0.48, 0.32, MIT
0.48, 0.45, 0.59, 0.35, 0.5, 0.16369227458343194, 0.55, 0.3, MIT
0.48, 0.52, 0.49, 0.35, 0.5, 0.5, 0.51, 0.22, MIT
0.45, 0.41, 0.49, 0.14, 1.0, 0.0, 0.53, 0.3, CYT
0.28, 0.36, 0.55, 0.15, 0.5, 0.0, 0.712711783492172, 0.22, CYT
0.74, 0.72, 0.5, 0.28, 0.5, 0.0, 0.5, 0.27, EXC
0.59, 0.61, 0.51, 0.62, 0.5, 0.0, 0.51, 0.38, MIT
0.78, 0.69, 0.44, 0.26, 0.5, 0.0, 0.54, 0.22, ME1
0.95, 0.71, 0.27, 0.39, 0.5, 0.0, 0.31, 0.22, ME2
0.39, 0.49, 0.3, 0.19, 0.5, 0.32026565684710295, 0.52, 0.31, ME3
0.49, 0.48, 0.52, 0.2, 0.5, 0.0, 0.55, 0.22, NUC
0.54, 0.53, 0.48, 0.14, 0.5, 0.0, 0.49, 0.33, NUC
0.45, 0.47, 0.53, 0.15, 0.5, 0.0, 0.52, 0.27, CYT
0.46, 0.62, 0.54, 0.25, 0.5, 0.0, 0.46, 0.22, CYT
0.52, 0.46, 0.56, 0.2, 0.7492293819666909, 0.0, 0.5, 0.22, CYT
0.45, 0.48, 0.56, 0.56, 0.5, 0.0, 0.40964719512724485, 0.22, NUC
0.48, 0.41, 0.54, 0.39, 0.5, 0.0, 0.51, 0.22, NUC
0.34, 0.35, 0.58, 0.2, 0.5, 0.0, 0.46, 0.32, NUC
0.37, 0.44, 0.51, 0.56, 0.5, 0.0, 0.5, 0.38, NUC
0.48, 0.5, 0.56, 0.11, 0.5, 0.0, 0.33, 0.22, CYT
0.49, 0.45, 0.54, 0.4, 0.5, 0.0, 0.55, 0.22, MIT
0.57, 0.6, 0.54, 0.6460007793842817, 0.5, 0.0, 0.52, 0.22, MIT
0.33, 0.28, 0.52, 0.15, 0.5, 0.0, 0.51, 0.86, NUC
0.43, 0.41, 0.51, 0.34, 0.5, 0.0, 0.49, 0.43462463920810834, NUC
0.49, 0.49, 0.51, 0.29, 0.5, 0.0, 0.52, 0.71, NUC
0.41, 0.52, 0.51, 0.22, 0.5, 0.0, 0.52, 0.44, NUC
0.58, 0.31, 0.6, 0.12, 0.5, 0.0, 0.47, 0.33, NUC
0.44, 0.33, 0.55, 0.16, 0.5, 0.0, 0.49, 0.22, NUC
0.57, 0.51, 0.58, 0.22, 0.5, 0.0, 0.51, 0.22, NUC
0.34, 0.58, 0.6242083242591956, 0.26, 0.5, 0.0, 0.01849415900616305, 0.22, NUC
0.35, 0.4, 0.44, 0.25, 0.5, 0.27306937347470533, 0.53, 0.06730956795329916, NUC
0.55, 0.38, 0.64, 0.42, 0.5, 0.0, 0.47, 0.22, MIT
0.45, 0.49, 0.57, 0.25, 0.5, 0.0, 0.48, 0.22, NUC
0.39, 0.39, 0.59, 0.25, 0.5, 0.0, 0.45, 0.22, CYT
0.61, 0.38, 0.57, 0.36, 0.5, 0.0, 0.44, 0.21, CYT
0.43, 0.33, 0.54, 0.37, 0.5, 0.0, 0.6860105695403206, 0.16, CYT
0.72, 0.51, 0.52, 0.08, 0.5, 0.0, 0.54, 0.22, NUC
0.57, 0.49, 0.61, 0.26, 0.5, 0.0, 0.52, 0.22, NUC
0.36, 0.49, 0.55, 0.21, 0.5, 0.0, 0.55, 0.19741759803085998, NUC
0.35, 0.33, 0.48, 0.42, 0.5, 0.26486296841755114, 0.47, 0.43, CYT
0.46, 0.35, 0.69, 0.18, 0.5, 0.0, 0.3, 0.25, CYT
0.58, 0.45, 0.55, 0.27, 0.5, 0.0, 0.48, 0.11, CYT
0.43, 0.33, 0.67, 0.12, 0.9857264606947373, 0.0, 0.43, 0.23, CYT
0.58, 0.44, 0.5, 0.26, 0.5, 0.0, 0.52, 0.22, CYT
0.4, 0.45, 0.61, 0.29, 0.5, 0.0, 0.113213756811622, 0.22, CYT
0.35, 0.39, 0.56, 0.2, 0.5, 0.0, 0.2619890526826468, 0.41, CYT
0.44, 0.62, 0.53, 0.27, 0.5, 0.0, 0.49, 0.22, NUC
0.56, 0.61, 0.52, 0.19, 0.5, 0.0, 0.52, 0.32, NUC
0.47, 0.56, 0.46, 0.5, 0.5, 0.0, 0.51, 0.22, MIT
0.42, 0.38, 0.52, 0.29, 0.5, 0.0, 0.42, 0.22, NUC
0.49, 0.4, 0.58, 0.23, 0.5, 0.4107214369440268, 0.47, 0.27, CYT
0.51, 0.4, 0.5, 0.28, 0.5, 0.0, 0.48, 0.27, CYT
0.47, 0.58, 0.47, 0.52, 0.5, 0.0, 0.54, 0.22, MIT
0.46, 0.42, 0.51, 0.9445000004359754, 0.5, 0.0, 0.56, 0.5908693849553516, CYT
0.55, 0.55, 0.52, 0.13, 0.5, 0.0, 0.53, 0.25, CYT
0.46, 0.44, 0.58, 0.17, 0.5, 0.0, 0.55, 0.22, CYT
0.46, 0.47, 0.44, 0.18, 1.0, 0.0, 0.46, 0.22, ME2
0.51, 0.51, 0.3380244366354366, 0.49401887704013353, 0.5, 0.0, 0.54, 0.22, ME3
0.65, 0.66, 0.37, 0.12, 0.5, 0.0, 0.52, 0.27, ME3
0.42, 0.43, 0.67, 0.7, 0.5, 0.0, 0.42, 0.25, CYT
0.4, 0.49, 0.53, 0.23, 0.5, 0.0, 0.44, 0.26, NUC
0.13279795108893838, 0.42, 0.31, 0.7669439629574641, 0.5, 0.0, 0.52, 0.22, ME3
0.46, 0.7190943909271375, 0.38, 0.22, 0.5, 0.0, 0.39, 0.45, ME3
0.4, 0.75, 0.44, 0.12, 0.5, 0.0, 0.49, 0.22, NUC
0.43, 0.47, 0.47, 0.18, 0.5, 0.0, 0.47, 0.22, CYT
0.52, 0.47, 0.58, 0.18, 0.5, 0.0, 0.34, 0.11, CYT
0.37, 0.29, 0.45, 0.15, 0.5, 0.0, 0.49, 0.22, NUC
0.37, 0.48, 0.67, 0.37, 0.5, 0.0, 0.56, 0.62, NUC
0.48, 0.65, 0.36, 0.24, 0.5, 0.0, 0.54, 0.31, NUC
0.59, 0.49, 0.45, 0.22, 0.5, 0.0, 0.45, 0.31, NUC
0.52, 0.31, 0.56, 0.16, 0.5, 0.0, 0.55, 0.22, NUC
0.55, 0.46, 0.47, 0.15, 0.5, 0.0, 0.47, 0.22, ME3
0.5, 0.52, 0.51, 0.20955230812764547, 0.5, 0.0, 0.46, 0.37, CYT
0.62, 0.33, 0.49, 0.24, 0.5, 0.0, 0.51, 0.42, CYT
0.51, 0.5, 0.49, 0.45, 0.5, 0.0, 0.48, 0.22, MIT
0.19488935305152305, 0.58, 0.53, 0.39, 0.5, 0.0, 0.05921566884713612, 0.22, EXC
0.55, 0.41, 0.67, 0.61, 0.5, 0.0, 0.49, 0.14, MIT
0.66, 0.65, 0.53, 0.43645108687608763, 0.5, 0.0, 0.47, 0.66, NUC
0.58, 0.64, 0.42, 0.3, 0.5, 0.0, 0.54, 0.22, NUC
0.74, 0.82, 0.46, 0.24, 0.5, 0.0, 0.5, 0.31, EXC
0.38, 0.34, 0.55, 0.44, 0.5, 0.0, 0.48, 0.26, CYT
0.47, 0.3603945396049867, 0.5, 0.19, 0.5, 0.0, 0.51, 0.26, NUC
0.31, 0.51, 0.38, 0.18, 0.5, 0.0, 0.46, 0.31, ME3
0.44, 0.65, 0.49, 0.16, 0.5, 0.0, 0.48, 0.31, NUC
0.48, 0.44, 0.46, 0.37, 0.5, 0.10191477507863073, 0.46, 0.36, CYT
0.45, 0.4, 0.8251876844338112, 0.15, 0.5, 0.0, 0.52, 0.22, NUC
0.52, 0.45, 0.53, 0.34, 0.5, 0.0, 0.52, 0.44, CYT
0.63, 0.58, 0.57, 0.1, 0.5, 0.0, 0.52, 0.33, NUC
0.33, 0.17, 0.52, 0.13, 0.5, 0.0, 0.51, 0.75, NUC
0.38, 0.42, 0.5, 0.19, 0.920052620447253, 0.0, 0.44, 0.22, CYT
0.28, 0.27, 0.5, 0.14, 0.5, 0.0, 0.5, 0.28, CYT
0.41, 0.46, 0.57, 0.25, 0.5, 0.0, 0.57, 0.38, CYT
0.77, 0.7, 0.44, 0.29, 0.5, 0.0, 0.56, 0.22, ME1
0.79, 0.791528729177436, 0.42, 0.26, 0.5, 0.0, 0.6, 0.22, ME1
0.49, 0.5, 0.42, 0.43, 0.5, 0.0, 0.5, 0.36, VAC
0.25, 0.26, 0.53, 0.17, 0.5, 0.0, 0.45, 0.22, CYT
0.59, 0.46, 0.57, 0.17, 0.5, 0.0, 0.52, 0.22, CYT
0.5, 0.46, 0.49, 0.27, 0.6833112175071872, 0.0, 0.6, 0.22, CYT
0.49, 0.36, 0.48927001450892305, 0.28, 0.5, 0.0, 0.56, 0.54, NUC
0.34, 0.42, 0.48, 0.19, 0.5, 0.0, 0.46, 0.31, NUC
0.48, 0.39, 0.56, 0.23, 0.5, 0.0, 0.6, 0.22, CYT
0.47, 0.59, 0.56, 0.09, 0.5, 0.0, 0.5, 0.22, CYT
0.54, 0.35, 0.55, 0.19, 0.5, 0.0, 0.3, 0.22, CYT
0.5, 0.47, 0.45, 0.14, 0.5, 0.0, 0.53, 0.746822430227609, ME3
0.55, 0.49, 0.6, 0.18, 0.5, 0.0, 0.51, 0.22, NUC
0.48, 0.6435432945572639, 0.58, 0.12, 0.5, 0.0, 0.49, 0.22, VAC
0.65, 0.58, 0.53, 0.21, 0.5, 0.0, 0.51, 0.22, VAC
0.41, 0.48, 0.51, 0.2, 0.5, 0.3063042701096982, 0.51, 0.22, CYT
0.57, 0.47, 0.48, 0.17, 0.8694042022967255, 0.0, 0.52, 0.26, VAC
1.0, 0.8, 0.29, 0.36, 0.5, 0.0, 0.52, 0.3527161938493876, ME1
0.88, 0.75, 0.41, 0.36, 0.5, 0.0, 0.43, 0.22, ME2
0.47, 0.41, 0.46, 0.18, 0.5, 0.0, 0.53, 0.22, ME3
0.59, 0.56, 0.5, 0.48, 0.5, 0.2893678765486385, 0.46, 0.22, MIT
0.25, 0.41, 0.47, 0.14, 0.5, 0.0, 0.56, 0.68, NUC
0.9573755621019229, 0.51, 0.49, 0.23, 0.5, 0.0, 0.3, 0.32, ME2
0.74, 0.73, 0.32, 0.2, 0.8108970880999455, 0.0, 0.55, 0.22, ME1
0.35, 0.32, 0.31, 0.16, 0.5, 0.0, 0.56, 0.22, ME3
0.67, 0.61, 0.39, 0.24, 0.5, 0.0, 0.51, 0.22, ME3
0.47, 0.41, 0.53, 0.27, 0.5, 0.0, 0.47, 0.25, MIT
0.39, 0.56, 0.34, 0.18, 0.5, 0.0, 0.49, 0.22, ME3
0.75, 0.73, 0.35, 0.33, 0.5, 0.0, 0.49, 0.28, ME1
0.5, 0.63, 0.45, 0.13, 0.5, 0.0, 0.45, 0.32, ME3
0.2, 0.6, 0.5, 0.29, 0.5, 0.0, 0.51, 0.22, ME3
0.51, 0.46, 0.5195961233157655, 0.36, 0.5, 0.0, 0.49, 0.22, ME3
0.6, 0.68, 0.3, 0.27, 0.5, 0.0, 0.55, 0.22, ME3
0.77, 0.68, 0.35, 0.19, 0.5, 0.0, 0.53, 0.43, ME1
0.77, 0.74, 0.37, 0.29, 0.5, 0.0, 0.45, 0.22, ME1
0.47, 0.38, 0.58, 0.19, 0.5, 0.0, 0.57, 0.22, CYT
0.74, 0.75, 0.45, 0.44, 0.5, 0.0, 0.52, 0.22, POX
0.52, 0.53, 0.58, 0.69, 0.5, 0.0, 0.5, 0.22, MIT
0.25, 0.4, 0.6500692188204428, 0.15, 0.5, 0.0, 0.56, 0.28, NUC
0.58, 0.56, 0.38, 0.39, 0.5, 0.0, 0.54, 0.57, NUC
0.48, 0.61, 0.57, 0.17, 0.5, 0.0, 0.45, 0.850022605119744, CYT
0.5247754499397184, 0.48, 0.54, 0.25, 0.5, 0.0, 0.5, 0.22, CYT
0.86, 0.74, 0.51, 0.4, 0.5, 0.0, 0.55, 0.22, ME2
0.58, 0.5, 0.5, 0.12, 0.5, 0.0, 0.11739021668382693, 0.25, NUC
0.48, 0.61, 0.44, 0.2, 0.646723545539827, 0.0, 0.47, 0.22, CYT
0.52, 0.56, 0.54, 0.53, 0.5, 0.0, 0.45, 0.22, MIT
0.73, 0.83, 0.43, 0.3, 0.5, 0.0, 0.55, 0.22, ME1
0.7450725205510558, 0.43, 0.54, 0.16, 0.5, 0.0, 0.5, 0.22, NUC
0.62, 0.58, 0.46, 0.13, 0.5, 0.0, 0.53, 0.22, CYT
0.31, 0.45, 0.5, 0.17, 0.5, 0.5899639498931272, 0.49, 0.22, CYT
0.38, 0.49, 0.61, 0.13, 0.5, 0.0, 0.54, 0.22, CYT
0.44, 0.53, 0.52, 0.37, 0.5, 0.0, 0.5, 0.22, NUC
0.54, 0.45, 0.62, 0.13, 0.5, 0.0, 0.52, 0.26, NUC
0.89, 0.77, 0.36, 0.34, 0.5, 0.0, 0.44, 0.22, EXC
0.48, 0.43, 0.45, 0.17, 0.5, 0.0, 0.48, 0.37, ME3
0.43, 0.9777051794430486, 0.7692922567434823, 0.44747763673017676, 1.0, 0.0, 0.49, 0.22, CYT
0.33, 0.37, 0.54, 0.28, 0.5, 0.0, 0.53, 0.27, NUC
0.6, 0.51, 0.52, 0.45, 0.5, 0.0, 0.5, 0.27, MIT
0.48, 0.54, 0.53, 0.6, 0.5, 0.0, 0.53, 0.31, NUC
0.75, 0.67, 0.51, 0.29, 0.5, 0.0, 0.52, 0.36, MIT
0.49, 0.52, 0.53, 0.7, 0.5, 0.0, 0.51, 0.22, MIT
0.5302062739874717, 0.48, 0.46, 0.29, 0.5, 0.0, 0.54, 0.22, CYT
0.53, 0.43, 0.57, 0.24, 0.5, 0.0, 0.39, 0.28, CYT
0.41, 0.41, 0.3332137017169068, 0.61, 0.5, 0.0, 0.53, 0.22, MIT
0.46, 0.53, 0.47, 0.37, 0.5, 0.0, 0.51, 0.36, NUC
0.34, 0.34, 0.65, 0.4, 0.5, 0.0, 0.32, 0.16, CYT
0.33, 0.42, 0.55, 0.23, 0.5656225230930425, 0.0, 0.52, 0.43, NUC
0.4, 0.43, 0.36, 0.33, 0.5, 0.0, 0.51, 0.22, ME3
0.23, 0.8945834964943545, 0.32, 0.13, 0.5, 0.0, 0.53, 0.22, MIT
0.45, 0.45, 0.51, 0.3, 0.5, 0.0, 0.48, 0.44, CYT
0.46, 0.61, 0.38, 0.35, 0.5, 0.0, 0.49, 0.22, ME3
0.25, 0.48, 0.45, 0.32, 0.5, 0.0, 0.5436468037133213, 0.22, CYT
0.32561792183565397, 0.36, 0.41120829729624286, 0.19, 0.5, 0.0, 0.53, 0.7, NUC
0.38, 0.67, 0.33, 0.17, 0.5, 0.0, 0.51, 0.22, ME3
0.41, 0.47, 0.5, 0.14, 0.5, 0.0, 0.53, 0.37, NUC
0.48, 0.45, 0.59, 0.2, 0.5, 0.0, 0.58, 0.34, NUC
0.43, 0.39, 0.54, 0.21, 0.5, 0.0, 0.53, 0.27, NUC
0.5, 0.6922658234467418, 0.55, 0.21, 0.5, 0.0, 0.49, 0.22, NUC
0.61, 0.7962826835890958, 0.55, 0.21, 0.5, 0.0, 0.5, 0.25, NUC
0.43, 0.44, 0.48, 0.22, 0.5, 0.0, 0.51, 0.7431972340548405, CYT
0.8873673755855689, 0.63, 0.42, 0.3, 0.5, 0.0, 0.49, 0.22, CYT
0.46, 0.53, 0.52, 0.15, 0.5, 0.23272633846447016, 0.58, 0.22, CYT
0.57, 0.47, 0.6, 0.18, 0.5, 0.0, 0.51, 0.22, CYT
0.33, 0.55, 0.51, 0.43, 0.5, 0.0, 0.51, 0.22, NUC
0.78, 0.74, 0.42, 0.26, 0.5, 0.0, 0.43, 0.22, ME1
0.86, 0.68, 0.39, 0.24, 0.5, 0.0, 0.54, 0.22, ME2
0.79, 0.57, 0.41, 0.28, 0.5, 0.0, 0.59, 0.22, ME2
0.41, 0.54, 0.39, 0.2, 0.5, 0.0, 0.51, 0.22, ME3
0.53, 0.31, 0.58, 0.39, 0.5, 0.0, 0.47, 0.37, NUC
0.48, 0.39, 0.51, 0.21, 0.5, 0.0, 0.52, 0.28, CYT
0.66, 0.62, 0.49, 0.1, 0.5, 0.0, 0.49, 0.22, CYT
0.48, 0.43, 0.51, 0.32, 0.5, 0.0, 0.52, 0.43, NUC
0.41, 0.46, 0.59, 0.19, 0.5, 0.0, 0.58, 0.27, NUC
0.48, 0.54, 0.3477374077466636, 0.12, 0.7607252839395602, 0.0, 0.51, 0.22, CYT
0.45, 0.55, 0.54, 0.66, 0.5, 0.0, 0.47, 0.22, MIT
0.49, 0.42, 0.56, 0.55, 0.5, 0.0, 0.42, 0.25, MIT
0.5124630611651724, 0.54, 0.53, 0.54, 0.5, 0.0, 0.51, 0.020631024618780015, MIT
0.48, 0.45, 0.55, 0.5, 0.5, 0.0, 0.53, 0.22, MIT
0.54, 0.52, 0.63, 0.37, 0.5, 0.0, 0.46, 0.22, MIT
0.46, 0.38, 0.47, 0.22, 0.5, 0.0, 0.6370506078859444, 0.27, MIT
0.38, 0.5, 0.37, 0.26, 0.5, 0.0, 0.5178137055732808, 0.22, ME3
0.69, 0.7, 0.52, 0.36, 0.5, 0.0, 0.46, 0.22, EXC
0.44, 0.52, 0.41, 0.23, 0.8845867399090405, 0.0, 0.51, 0.22, NUC
0.59, 0.67, 0.56, 0.41, 0.5, 0.0, 0.47, 0.22, MIT
0.58, 0.62, 0.54, 0.17, 0.5, 0.0, 0.48, 0.22, MIT
0.46, 0.71, 0.48, 0.53, 0.5, 0.0, 0.53, 0.22, MIT
0.62, 0.51, 0.52, 0.42, 0.5, 0.0, 0.54, 0.27, NUC
0.59, 0.48, 0.5, 0.14, 0.5, 0.0, 0.5660215923856062, 0.25, CYT
0.4, 0.42, 0.71, 0.21, 0.5, 0.0, 0.54, 0.32, CYT
0.35, 0.45, 0.43, 0.8633636396525809, 0.5, 0.0, 0.56, 0.22, ME3
0.42, 0.42, 0.42, 0.2, 0.5, 0.0, 0.49, 0.22, ME3
0.5734945154105068, 0.42, 0.38, 0.4, 0.5, 0.36029539587448706, 0.49, 0.47, ME3
0.8473593673848918, 0.44, 0.3, 0.11, 0.5, 0.0, 0.51, 0.47, ME3
0.66, 0.45, 0.5, 0.23, 0.5, 0.0, 0.49, 0.22, CYT
0.31, 0.31, 0.56, 0.33, 0.929127978842968, 0.0, 0.52, 0.33, NUC
0.24, 0.34, 0.69, 0.18, 0.5, 0.0, 0.52, 0.22, CYT
0.31, 0.55, 0.52, 0.17, 0.5, 0.0, 0.52, 0.22, CYT
0.32, 0.57, 0.5, 0.15, 0.5, 0.0, 0.53, 0.22, CYT
0.61, 0.7013781788459462, 0.31, 0.33, 0.5, 0.0, 0.56, 0.22, MIT
0.44, 0.42, 0.6, 0.21, 0.5, 0.0, 0.57, 0.22, CYT
0.49, 0.46, 0.24344318082170635, 0.45, 0.5, 0.0, 0.52, 0.22, MIT
0.49, 0.6, 0.43, 0.56, 0.5, 0.0, 0.36, 0.22, MIT
0.53, 0.38, 0.66, 0.25, 0.5, 0.27541259359461545, 0.43, 0.22, NUC
0.41, 0.51, 0.58, 0.15, 0.5, 0.0, 0.45, 0.27, CYT
0.2, 0.26, 0.52, 0.14, 0.5, 0.0, 0.53, 0.44, CYT
0.51, 0.53, 0.55, 0.14, 0.5, 0.0, 0.51, 0.22, CYT
0.39, 0.28, 0.46, 0.12, 0.5, 0.0, 0.41, 0.22, NUC
0.23, 0.2, 0.53, 0.2, 0.5, 0.0, 0.44, 0.22, NUC
0.9920101190549345, 0.54, 0.56, 0.22, 0.5, 0.0, 0.5, 0.37, NUC
0.51, 0.55, 0.35, 0.16, 0.5, 0.0, 0.51, 0.47, ME3
0.45, 0.56, 0.53, 0.32, 0.5, 0.0, 0.57, 0.22, CYT
0.32, 0.47, 0.55, 0.12, 0.5, 0.0, 0.52, 0.22, CYT
0.55, 0.46, 0.46, 0.31, 0.8542597040893183, 0.0, 0.58, 0.48, NUC
0.56, 0.62, 0.53, 0.24, 0.5, 0.0, 0.57, 0.22, CYT
0.58, 0.6, 0.51, 0.24, 0.5, 0.0, 0.15034917425838046, 0.22, CYT
0.35, 0.36, 0.57, 0.17, 0.5, 0.0, 0.52, 0.22, CYT
0.45, 0.4, 0.56, 0.14, 0.5, 0.0, 0.54, 0.22, CYT
0.5, 0.5, 0.48, 0.17, 0.5, 0.0, 0.47, 0.26, CYT
0.6, 0.6, 0.49, 0.13573453764797527, 0.5, 0.06783002598626306, 0.53, 0.22, NUC
0.49, 0.46, 0.34, 0.21, 0.5, 0.0, 0.55, 0.22, ME3
0.45, 0.42, 0.52, 0.2, 0.5, 0.0, 0.23309499330425054, 0.25, CYT
0.37, 0.6186746800268709, 0.5, 0.12, 0.5, 0.0, 0.51, 0.54, CYT
0.27, 0.51, 0.47, 0.35, 0.5, 0.0, 0.49, 0.28, NUC
0.64, 0.53, 0.45, 0.13, 0.5, 0.0, 0.53, 0.22, CYT
0.9043954846436147, 0.51, 0.51, 0.7431380624750484, 0.5, 0.0, 0.51, 0.4, CYT
0.44, 0.51, 0.48, 0.17794417384498384, 0.5, 0.0, 0.52, 0.22, CYT
0.58, 0.41, 0.51, 0.26, 0.5, 0.0, 0.51, 0.37, CYT
0.37, 0.34, 0.58, 0.24, 0.5, 0.0, 0.44, 0.18, NUC
0.61, 0.57, 0.45, 0.860911954394754, 0.5, 0.0, 0.5, 0.42, NUC
0.53, 0.68, 0.34, 0.42, 0.5, 0.0, 0.54, 0.27, ME3
0.85, 0.85, 0.3, 0.6337880502999267, 0.5, 0.0, 0.55, 0.42, ME1
0.55, 0.53, 0.56, 0.29, 0.5, 0.0, 0.48, 0.22, MIT
0.38, 0.46, 0.52, 0.75, 0.5, 0.0, 0.5, 0.26, MIT
0.43, 0.44, 0.3, 0.18, 0.5, 0.0, 0.51, 0.22, ME3
0.43, 0.45, 0.37, 0.12, 0.5, 0.0, 0.5005271992670668, 0.22, ME3
0.45, 0.57, 0.3, 0.17, 0.5, 0.6213086579649962, 0.51, 0.22, ME3
0.42, 0.44, 0.33, 0.17, 0.5, 0.0, 0.54, 0.27, ME3
0.45, 0.54, 0.54, 0.62, 0.5, 0.0, 0.53, 0.22, MIT
0.51, 0.34, 0.43, 0.18, 0.5, 0.2156367021602664, 0.48, 0.25, CYT
0.45, 0.38, 0.59, 0.18, 0.5, 0.0, 0.44, 0.45, NUC
0.89, 0.81, 0.36, 0.71, 0.5, 0.0, 0.55, 0.00921834307006056, ME1
0.58, 0.55, 0.52, 0.22, 0.5, 0.0, 0.44, 0.22, MIT
0.5, 0.45, 0.49, 0.3, 0.5, 0.0, 0.47, 0.4, NUC
0.47, 0.43, 0.35, 0.32, 0.5, 0.0, 0.54, 0.22, ME3
0.7, 0.73, 0.38, 0.36, 0.5, 0.0, 0.54, 0.22, ME1
0.84, 0.63, 0.38, 0.23, 0.5213820546682416, 0.0, 0.53, 0.22, EXC
0.36, 0.44, 0.57, 0.18, 0.5, 0.0, 0.42, 0.22, MIT
0.48, 0.57, 0.6639601708655153, 0.61, 0.5, 0.0, 0.51, 0.22, MIT
0.68, 0.5, 0.55, 0.65, 0.5, 0.3922029912360485, 0.46, 0.31, MIT
0.52, 0.49, 0.57, 0.57, 0.5, 0.0, 0.51, 0.22, NUC
0.18, 0.48, 0.46, 0.12, 0.5, 0.0, 0.0, 0.25, NUC
0.53, 0.51, 0.51, 0.11, 0.5, 0.0, 0.49, 0.41, NUC
0.58, 0.49, 0.5, 0.41, 0.5, 0.0, 0.57, 0.22, MIT
0.57, 0.44, 0.8788943277110565, 0.2, 0.5, 0.0, 0.54, 0.22, CYT
0.55, 0.65, 0.5, 0.28, 0.5, 0.1513269811103416, 0.55, 0.22, NUC
0.29, 0.46, 0.54, 0.27, 0.5, 0.0, 0.49, 0.22, CYT
0.66, 0.52, 0.52, 0.44, 0.5, 0.0, 0.56, 0.27, MIT
0.37, 0.31, 0.53, 0.16, 0.5, 0.0, 0.53, 0.44, NUC
0.45, 0.73, 0.47, 0.65, 0.5, 0.0, 0.54, 0.43, MIT
0.66, 0.54, 0.49, 0.16, 0.5, 0.0, 0.54, 0.36, NUC
0.42, 0.5, 0.53, 0.22, 0.5, 0.83, 0.5, 0.22, POX
0.59, 0.57, 0.43, 0.26, 0.5, 0.0, 0.51, 0.22, MIT
0.39, 0.3, 0.56, 0.12, 0.5, 0.0, 0.53, 0.38, NUC
0.41, 0.54, 0.58, 0.2, 0.5, 0.0, 0.52, 0.22, MIT
0.45, 0.43, 0.63, 0.4, 0.5, 0.0, 0.59, 0.11, MIT
0.44, 0.44, 0.67, 0.35, 0.5, 0.0, 0.48, 0.22368942765139263, MIT
0.62, 0.356735555882737, 0.54, 0.47, 0.5, 0.0, 0.46, 0.22, MIT
0.51, 0.48, 0.51, 0.43, 0.5, 0.0, 0.49, 0.22, MIT
0.46, 0.46, 0.56, 0.12, 0.5, 0.0, 0.55, 0.22, MIT
0.36, 0.39, 0.9744127648101218, 0.26, 0.5, 0.0, 0.49, 0.22, NUC
0.47, 0.59, 0.37, 0.31, 0.5, 0.0, 0.5060634067552312, 0.36, NUC
0.33, 0.6208476855468116, 0.53, 0.29, 0.5, 0.0, 0.5, 0.55, NUC
0.11, 0.41, 0.67, 0.13, 0.5, 0.0, 0.45, 0.29, NUC
0.47, 0.5, 0.55, 0.19, 0.5, 0.0, 0.62, 0.22, CYT
0.49, 0.44, 0.51, 0.18, 0.5, 0.0, 0.52, 0.27, CYT
0.43, 0.28, 0.7140646502920577, 0.34, 0.5, 0.0, 0.55, 0.57, NUC
0.3, 0.24722842059033656, 0.7018208041372292, 0.16, 0.5220491972337592, 0.0, 0.3116530729997095, 0.28, NUC
0.83, 0.57, 0.42, 0.57, 0.5, 0.0, 0.5, 0.32, ME2
0.52, 0.64, 0.34, 0.10342357147099068, 0.5, 0.0, 0.57, 0.22, MIT
0.58, 0.51, 0.56, 0.16, 0.5, 0.0, 0.25166336506643877, 0.8245810961408031, NUC
0.69, 0.39, 0.52, 0.12, 0.5, 0.0, 0.38, 0.35, CYT
0.47, 0.43, 0.59, 0.27, 0.5, 0.0, 0.55, 0.22, POX
0.45, 0.9853977780196345, 0.61, 0.2, 0.5, 0.0, 0.62, 0.22, CYT
0.61, 0.46, 0.481627935921221, 0.47, 0.5, 0.0, 0.5, 0.37, NUC
0.8, 0.82, 0.6668525155067566, 0.26, 0.5, 0.0, 0.57, 0.27, VAC
0.75, 0.6, 0.43, 0.35, 0.5, 0.0, 0.45, 0.27, MIT
0.57, 0.49, 0.5, 0.2, 0.5, 0.0, 0.51, 0.28, CYT
0.74, 0.74, 0.51, 0.27, 0.553546175838808, 0.0, 0.5, 0.22, EXC
0.4, 0.37, 0.54, 0.13, 0.5, 0.0, 0.48, 0.22, NUC
0.45, 0.4, 0.43, 0.22, 0.5, 0.0, 0.51, 0.48, NUC
0.74, 0.71, 0.52, 0.3, 0.5, 0.0, 0.27, 0.22, EXC
0.4, 0.39, 0.33, 0.17, 0.5, 0.0, 0.51, 0.31, VAC
0.97, 0.71, 0.29, 0.5909901081097755, 0.5, 0.0, 0.35, 0.22, ME2
0.25620006800773554, 0.43, 0.34, 0.21, 0.5, 0.0, 0.55, 0.4, ME3
0.56, 0.5, 0.56, 0.26, 0.5, 0.0, 0.5307943583095434, 0.27, NUC
0.41, 0.53, 0.41, 0.15, 0.5, 0.0, 0.54, 0.25, NUC
0.66, 0.55, 0.34, 0.2, 0.5, 0.0, 0.62, 0.22, ME3
0.75, 0.69, 0.48, 0.13, 0.5, 0.0, 0.57, 0.4, VAC
0.42, 0.53, 0.57, 0.17, 0.5, 0.0, 0.49, 0.22, CYT
0.33, 0.35, 0.56, 0.19, 0.5, 0.0, 0.5, 0.22, NUC
0.77, 0.57, 0.45, 0.17, 0.5, 0.0, 0.53, 0.22, CYT
0.56, 0.59, 0.54, 0.18, 0.5, 0.0, 0.48, 0.46, NUC
0.68, 0.39, 0.5, 0.15, 0.5, 0.0, 0.48, 0.37, NUC
0.32, 0.48, 0.49, 0.17, 0.5, 0.0, 0.47, 0.22, NUC
0.51, 0.39, 0.56, 0.25, 0.5, 0.0, 0.51, 0.33, NUC
0.51, 0.51, 0.56, 0.28, 0.5, 0.0, 0.54, 0.27, CYT
0.48, 0.56, 0.49, 0.32, 0.5, 0.0, 0.5, 0.22, CYT
0.29, 0.4, 0.41, 0.48, 0.5, 0.0, 0.53, 0.3248719352588225, NUC
0.61, 0.55, 0.51, 0.1436142644713666, 0.5, 0.212944478586536, 0.52, 0.22, CYT
0.5, 0.5377640223940285, 0.52, 0.3, 0.5, 0.0, 0.56, 0.22, MIT
0.64, 0.7903151503531997, 0.59, 0.14, 0.5, 0.0, 0.53, 0.22, MIT
0.38, 0.31, 0.59, 0.19, 0.5, 0.0, 0.46, 0.22, MIT
0.51, 0.55, 0.56, 0.18, 0.5, 0.0, 0.5, 0.38, NUC
0.64, 0.5, 0.53, 0.1, 0.5, 0.0, 0.51, 0.22, NUC
0.49, 0.67, 0.5, 0.28, 0.5, 0.0, 0.43, 0.22, NUC
0.32, 0.49, 0.53, 0.28, 0.5, 0.0, 0.5, 0.5, NUC
0.42, 0.21, 0.59, 0.3, 0.5, 0.0, 0.47, 0.27, NUC
0.37, 0.58, 0.5, 0.22, 0.5, 0.4318218234115797, 0.47, 0.22, NUC
0.43, 0.33, 0.54, 0.37, 0.5, 0.0, 0.38, 0.16, CYT
0.57, 0.37, 0.43, 0.27, 0.8481853779750377, 0.0, 0.53, 0.28, NUC
0.48, 0.45, 0.63, 0.19, 0.5, 0.0, 0.58, 0.22, NUC
0.52, 0.46, 0.56, 0.25, 0.5, 0.0, 0.52, 0.22, NUC
0.31, 0.6, 0.65, 0.18, 0.5, 0.0, 0.46, 0.22, NUC
0.57, 0.42, 0.63, 0.22, 0.5, 0.0, 0.68, 0.32, NUC
0.46, 0.35, 0.69, 0.18, 0.5, 0.0, 0.3, 0.25, CYT
0.57, 0.43, 0.52, 0.3, 0.5, 0.0, 0.37, 0.11, CYT
0.61, 0.48, 0.56, 0.19, 0.5, 0.0, 0.53, 0.31, CYT
0.4, 0.45, 0.61, 0.29, 0.5, 0.0, 0.44, 0.22, CYT
0.73, 0.6, 0.47, 0.2, 0.5, 0.0, 0.72, 0.22, CYT
0.46, 0.33, 0.45, 0.22, 0.5, 0.0, 0.41, 0.2529196607072185, CYT
0.32, 0.44, 0.54, 0.21, 0.5, 0.0, 0.4, 0.19, CYT
0.5, 0.5, 0.62, 0.23, 0.5, 0.0, 0.35, 0.11, CYT
0.53, 0.57, 0.6, 0.36, 0.5, 0.0, 0.5, 0.22, CYT
0.37, 0.7816719948946665, 0.51, 0.38, 0.5, 0.0, 0.44, 0.22, CYT
0.56, 0.42, 0.52, 0.14, 0.5, 0.0, 0.51, 0.22, CYT
0.7934671993771258, 0.49, 0.55, 0.18, 0.5, 0.0, 0.56, 0.22, NUC
0.53, 0.51, 0.55, 0.57, 0.5, 0.0, 0.46, 0.22, MIT
0.38, 0.7924449851113476, 0.53, 0.12, 0.5, 0.0, 0.55, 0.22, CYT
0.54, 0.51, 0.6868753965750513, 0.15, 0.5, 0.0, 0.54, 0.31, CYT
0.37, 0.17132873819007743, 0.6002230156283413, 0.15, 0.5, 0.0, 0.51, 0.31, ME2
0.7, 0.78, 0.5563850791231694, 0.24, 0.5, 0.0, 0.48, 0.22, VAC
0.45, 0.65, 0.51, 0.17, 0.5, 0.0, 0.49, 0.22, NUC
0.42, 0.42, 0.55, 0.31, 0.5, 0.0, 0.43, 0.10216933398092383, NUC
0.8, 0.69, 0.53, 0.33, 0.5, 0.0, 0.51, 0.22, ME2
0.57, 0.51, 0.34, 0.13, 0.5, 0.4179362847581357, 0.53, 0.27, MIT
0.33, 0.46, 0.6, 0.18, 0.5, 0.0, 0.51, 0.26, NUC
0.36, 0.32, 0.55, 0.27, 0.5, 0.7420834397832126, 0.47, 0.43, NUC
0.46, 0.41, 0.45, 0.6690330995873159, 0.5, 0.0, 0.48, 0.22, NUC
0.4, 0.39, 0.6, 0.23, 0.5, 0.0, 0.52, 0.2310245489308202, NUC
0.77, 0.73, 0.49, 0.46, 0.5, 0.0, 0.38, 0.22, EXC
0.8191385608653394, 0.25, 0.59, 0.27, 0.84570893571845, 0.0, 0.45, 0.26, NUC
0.25, 0.33, 0.48, 0.18, 0.5, 0.0, 0.42, 0.33, NUC
0.56, 0.52, 0.46, 0.17, 0.5, 0.0, 0.49, 0.73, CYT
0.51, 0.48, 0.51, 0.19, 0.5, 0.0, 0.51, 0.27, CYT
0.6, 0.7207923762734962, 0.51, 0.1, 0.5, 0.0, 0.48, 0.31, CYT
0.6, 0.3424199535843031, 0.51, 0.1, 0.5, 0.0, 0.48, 0.31, CYT
0.44, 0.39, 0.63, 0.11, 0.5, 0.0, 0.49, 0.3419885948165293, NUC
0.25, 0.42, 0.21, 0.14, 0.5, 0.0, 0.41, 0.22, ME3
0.83, 0.81, 0.45, 0.38, 0.5, 0.0, 0.4, 0.26, EXC
0.38, 0.51, 0.56, 0.21, 0.5, 0.0, 0.48, 0.31, NUC
0.44, 0.4, 0.53, 0.19, 0.5, 0.0, 0.48, 0.27, CYT
0.48, 0.54, 0.56, 0.29, 0.5, 0.0, 0.51, 0.43, NUC
0.33, 0.37, 0.49, 0.22, 0.5, 0.0, 0.55, 0.22, CYT
0.78, 0.73, 0.27, 0.28, 0.5, 0.0, 0.56, 0.22, ME1
0.63, 0.64, 0.49, 0.2, 0.5, 0.0, 0.52, 0.25, CYT
0.39, 0.4895635037588802, 0.49, 0.2, 0.5, 0.0, 0.53, 0.26, CYT
0.61, 0.52, 0.5, 0.44, 0.5, 0.0, 0.53, 0.22, CYT
0.54, 0.48, 0.55, 0.33, 0.5, 0.0, 0.55, 0.4, CYT
0.58, 0.51, 0.63, 0.2, 0.5, 0.0, 0.5, 0.42, NUC
0.38, 0.42, 0.5, 0.19, 0.5, 0.0, 0.44, 0.22, CYT
0.32, 0.32, 0.52, 0.18, 0.5, 0.0, 0.48, 0.34, CYT
0.44, 0.55, 0.36403947268241077, 0.16, 0.5, 0.1607948952845286, 0.6, 0.22, CYT
0.8, 0.83, 0.43, 0.24, 0.5, 0.0, 0.54, 0.22, ME1
0.58, 0.55, 0.51, 0.13, 0.5, 0.0, 0.52, 0.22, CYT
0.52, 0.49, 0.59, 0.21, 0.5, 0.415360926654041, 0.47, 0.22, NUC
0.42, 0.6345299382145819, 0.54, 0.17, 0.5, 0.4457055559558108, 0.51, 0.22, CYT
0.39, 0.45, 0.75, 0.23246290866110075, 0.5, 0.0, 0.51, 0.22, CYT
0.53, 0.45, 0.52, 0.29, 0.5, 0.0, 0.55, 0.38, MIT
0.62, 0.6, 0.54, 0.22, 0.5, 0.0, 0.54, 0.27, CYT
0.48, 0.44, 0.51, 0.24, 0.5, 0.0, 0.49, 0.22, CYT
0.79, 0.62, 0.35, 0.35, 0.5, 0.0, 0.6, 0.28, ME2
0.2891351755659876, 0.41, 0.55, 0.13, 0.5, 0.0, 0.52, 0.25, CYT
0.27, 0.43, 0.5, 0.13, 0.5, 0.0, 0.54, 0.31, CYT
0.42, 0.46, 0.44, 0.17, 0.5, 0.0, 0.51, 0.42, CYT
0.42, 0.51, 0.33, 0.16, 0.5, 0.0, 0.54, 0.8645353112054373, ME3
0.36, 0.51, 0.51, 0.17, 0.5, 0.0, 0.52, 0.22, VAC
0.5, 0.55, 0.52, 0.16, 0.5, 0.0, 0.51, 0.31, CYT
0.25, 0.4, 0.54, 0.16, 0.5, 0.0, 0.43, 0.22, CYT
0.5, 0.4, 0.57, 0.17, 0.5, 0.0, 0.59, 0.20572271365805592, CYT
0.78, 0.71, 0.35, 0.25, 0.5, 0.0, 0.49, 0.22, ME1
0.51, 0.39, 0.56, 0.55, 0.5, 0.0, 0.46, 0.64, MIT
0.49, 0.49, 0.4, 0.2, 0.5, 0.0, 0.48, 0.26, ME3
0.5, 0.47, 0.56, 0.31, 0.5, 0.0, 0.56, 0.26, CYT
0.45, 0.39, 0.46, 0.29, 0.5, 0.0, 0.42, 0.22, MIT
0.32, 0.3, 0.57, 0.38, 0.5, 0.0, 0.5, 0.25, NUC
0.45, 0.5, 0.43, 0.16, 0.5, 0.0, 0.52, 0.28, ME3
0.22, 0.53, 0.36, 0.22, 0.5, 0.0, 0.54, 0.31, ME3
0.57, 0.6587671398159041, 0.46, 0.2, 0.5, 0.83, 0.52, 0.41, POX
0.5516104009006197, 0.71, 0.47, 0.21, 0.5, 0.0, 0.52, 0.22, MIT
0.58, 0.63, 0.52, 0.7, 0.5, 0.0, 0.46, 0.22, MIT
0.28, 0.48, 0.36, 0.16, 0.5, 0.0, 0.53, 0.22, ME3
0.52, 0.65, 0.48620387240690266, 0.26, 0.5, 0.0, 0.6992668120375058, 0.22, ME3
0.64, 0.44, 0.56, 0.15, 0.9215379650521879, 0.0, 0.56, 0.22, CYT
0.42, 0.71, 0.45, 0.15, 0.5, 0.0, 0.48, 0.22, ME3
0.38, 0.56, 0.4999263467942193, 0.16, 0.5, 0.0, 0.0312321696223766, 0.22, ME3
0.31894816608143695, 0.66, 0.52, 0.23, 0.5, 0.0, 0.3978460229951529, 0.22, ME1
0.8, 0.73, 0.47, 0.19, 0.5, 0.0, 0.49, 0.22, ME1
0.52, 0.8609896608770335, 0.34, 0.2, 0.5, 0.0, 0.51, 0.25, ME3
0.36, 0.48, 0.61, 0.26, 0.5, 0.0, 0.5, 0.16, NUC
0.3, 0.37, 0.4, 0.45, 0.5, 0.0, 0.550295104559114, 0.41, ME3
0.43, 0.4, 0.6, 0.16, 0.5, 0.0, 0.53, 0.39, NUC
0.72, 0.770850010847405, 0.45, 0.3, 0.5, 0.0, 0.54, 0.25, MIT
0.43, 0.57, 0.51, 0.49, 0.5, 0.0, 0.48, 0.22, MIT
0.36, 0.46, 0.62, 0.46, 0.5, 0.0, 0.51, 0.33, CYT
0.27, 0.5916349004608661, 0.48, 0.23, 0.5, 0.0, 0.55, 0.22, CYT
0.51, 0.34, 0.5, 0.19, 0.5, 0.0, 0.5, 0.22, NUC
0.38, 0.37, 0.56, 0.21, 0.5, 0.0, 0.49, 0.22, NUC
0.56, 0.3143785587871397, 0.48, 0.17, 0.5, 0.0, 0.46, 0.22, NUC
0.36, 0.49, 0.3, 0.22, 0.5, 0.0, 0.655639300997285, 0.25598292710631687, ME3
0.81, 0.9, 0.39, 0.41, 0.5, 0.0, 0.53, 0.10446544250111688, ME2
0.44, 0.34, 0.55, 0.9311880068693282, 0.5, 0.0, 0.52, 0.22, CYT
0.43, 0.474490838508236, 0.58, 0.16, 0.5, 0.0, 0.5, 0.36, NUC
0.51, 0.63, 0.3, 0.35, 0.5, 0.0, 0.53, 0.27, ME3
0.57, 0.61, 0.55, 0.67, 0.5, 0.0, 0.48, 0.22, MIT
0.5889315870168925, 0.36, 0.34, 0.19, 0.5, 0.0, 0.55, 0.26, ME3
0.52, 0.48, 0.58, 0.55, 0.5, 0.0, 0.48, 0.22, CYT
0.48, 0.48, 0.5, 0.47, 0.5, 0.0, 0.55, 0.22, MIT
0.78, 0.48, 0.47, 0.3, 0.5, 0.0, 0.53, 0.47, ME2
0.5, 0.34, 0.62, 0.19, 0.5, 0.0, 0.4234869629362335, 0.22, CYT
0.33, 0.38, 0.53, 0.26, 0.850945216336042, 0.5870384176301394, 0.52, 0.27, NUC
0.4, 0.52, 0.53, 0.52, 0.5, 0.0, 0.51, 0.22, MIT
0.72, 0.56, 0.4, 0.26, 0.5, 0.0, 0.51, 0.26, ME2
0.5, 0.56, 0.3732800610301271, 0.61, 0.5, 0.0, 0.22345472770823507, 0.22, MIT
0.7, 0.84, 0.49, 0.13203638329450887, 1.0, 0.0, 0.58, 0.22, ERL
0.39, 0.81, 0.35, 0.28, 0.5, 0.0, 0.51, 0.45, ME3
0.45, 0.53, 0.51, 0.42, 0.6420464846636277, 0.0, 0.52, 0.22, MIT
0.39, 0.44, 0.54, 0.24, 0.5, 0.477619995632586, 0.51, 0.49, NUC
0.66, 0.55, 0.54, 0.18, 0.5, 0.0, 0.43, 0.22, CYT
0.45, 0.5, 0.57, 0.29, 0.5, 0.0, 0.44, 0.11, CYT
0.39, 0.65, 0.57, 0.8037775598475192, 0.5, 0.31771661603071644, 0.29516570811280185, 0.25, CYT
0.3674727141990961, 0.65, 0.57, 0.19, 0.5, 0.0, 0.43, 0.25, CYT
0.47, 0.55, 0.27339723321455467, 0.17, 0.5, 0.0, 0.52, 0.66, NUC
0.37, 0.4, 0.38, 0.18, 0.5, 0.0, 0.51, 0.22, ME3
0.55, 0.57, 0.51, 0.07, 0.5, 0.0, 0.4543906361759618, 0.22, CYT
0.66, 0.65, 0.54, 0.4, 0.5, 0.0, 0.51, 0.22, EXC
0.5, 0.43, 0.5, 0.17, 0.5, 0.0, 0.46, 0.47, NUC
0.6140497057871077, 0.66, 0.6, 0.14, 0.5, 0.0, 0.2, 0.25, NUC
0.48, 0.17, 0.37, 0.33, 0.5, 0.27226942884322936, 0.44, 0.36, NUC
0.4, 0.36, 0.32, 0.16, 0.5, 0.0, 0.51, 0.27, VAC
0.29, 0.26, 0.43, 0.17, 0.5, 0.0, 0.55, 0.3, ME3
0.82, 0.63, 0.47, 0.18, 0.5, 0.0, 0.5, 0.22, POX
0.51, 0.45, 0.62, 0.25, 0.5, 0.0, 0.59, 0.22, MIT
0.58, 0.61, 0.47, 0.13, 0.5, 0.0, 0.48, 0.22, MIT
0.6, 0.4, 0.52, 0.46, 0.5, 0.0, 0.53, 0.6787985893149857, MIT
0.66, 0.55, 0.45, 0.19, 0.5, 0.0, 0.46, 0.22, MIT
0.43, 0.8059586155055926, 0.52, 0.13, 0.5, 0.0, 0.55, 0.22, CYT
0.63, 0.67, 0.57, 0.24, 0.5, 0.0, 0.49, 0.22, MIT
0.38, 0.61, 0.61, 0.12, 0.5, 0.0, 0.53, 0.47, CYT
0.74, 0.57, 0.6758914304934189, 0.28, 0.5, 0.0, 0.58, 0.22, VAC
0.42, 0.24, 0.34, 0.16, 0.5, 0.0, 0.5, 0.22, ME3
0.64, 0.56, 0.8026562918379568, 0.22, 0.8134713606707452, 0.0, 0.45, 0.22, CYT
0.43, 0.35, 0.52, 0.52, 0.7113506137885504, 0.0, 0.54, 0.22, MIT
0.47, 0.39, 0.59, 0.15, 0.5, 0.0, 0.57, 0.22, CYT
0.63, 0.53, 0.54, 0.4, 0.5, 0.0, 0.6963448215919418, 0.22, MIT
0.39, 0.44, 0.35, 0.16, 0.5, 0.0, 0.55, 0.22, ME3
0.5, 0.52, 0.59, 0.3, 0.5, 0.0, 0.51, 0.35, NUC
0.4, 0.45, 0.56, 0.2, 0.5, 0.0, 0.45, 0.22, CYT
0.61, 0.72, 0.39, 0.33, 0.5, 0.0, 0.2766436634041936, 0.22, MIT
0.3, 0.8325007842999187, 0.55, 0.14530644289807101, 0.5, 0.0, 0.16738540984396483, 0.22, CYT
0.45, 0.41, 0.5, 0.46, 0.5, 0.5, 0.5, 0.27, POX
0.67, 0.62, 0.54, 0.43, 0.5, 0.0, 0.53, 0.22, MIT
0.6, 0.5, 0.57, 0.25, 0.5, 0.0, 0.41, 0.26, CYT
0.47, 0.32, 0.64, 0.3, 0.5, 0.0, 0.63, 0.22, NUC
0.28, 0.37, 0.61, 0.09, 0.5, 0.0, 0.52, 0.55, NUC
0.42, 0.43, 0.56, 0.1, 0.5, 0.0, 0.49, 0.22, CYT
0.49, 0.47, 0.53, 0.16, 0.5, 0.009099599884147663, 0.48, 0.27, NUC
0.4, 0.42, 0.71, 0.21, 0.5, 0.0, 0.54, 0.32, CYT
0.21, 0.41, 0.55, 0.11, 0.5, 0.0, 0.5, 0.27, CYT
0.49, 0.43, 0.51, 0.13, 0.5, 0.0, 0.47, 0.22, CYT
0.54, 0.38, 0.2458491297033264, 0.18, 0.5, 0.0, 0.48, 0.22, CYT
0.52, 0.51, 0.51, 0.54, 0.5, 0.0, 0.55, 0.27, MIT
0.63, 0.56, 0.45, 0.58, 0.5, 0.0, 0.51, 0.22, MIT
0.58, 0.58, 0.58, 0.49, 0.5, 0.0, 0.49, 0.26, MIT
0.72, 0.62, 0.34, 0.29, 0.5, 0.0, 0.56, 0.28, MIT
0.72, 0.61, 0.37, 0.3, 0.5, 0.49833050523147226, 0.57, 0.22, MIT
0.46, 0.43, 0.38, 0.33, 0.5, 0.0, 0.48, 0.28, MIT
0.55, 0.45, 0.45, 0.54, 0.5, 0.0, 0.5, 0.22, MIT
0.47, 0.46, 0.59, 0.49, 0.5, 0.0, 0.56, 0.22, MIT
0.78, 0.74, 0.58, 0.25, 1.0, 0.0, 0.53, 0.22, ERL
0.7, 0.65, 0.54, 0.28, 0.5, 0.0, 0.6, 0.4, VAC
0.41, 0.45, 0.53, 0.17, 0.5, 0.12493741521493937, 0.51, 0.25, NUC
0.36, 0.37, 0.33, 0.14, 0.5, 0.0, 0.57, 0.31, ME3
0.388715979277323, 0.54, 0.71, 0.15, 0.6954125148932013, 0.0, 0.59, 0.22, MIT
0.45, 0.27, 0.57, 0.36, 0.5, 0.0, 0.52, 0.18, CYT
0.18535351085601223, 0.39, 0.66, 0.11, 0.5, 0.0, 0.44, 0.22, MIT
0.34, 0.42, 0.3, 0.23, 0.5, 0.0, 0.53, 0.22, ME3
0.42, 0.32, 0.5, 0.21, 0.5, 0.0, 0.51, 0.22, NUC
0.36, 0.24, 0.49, 0.16, 0.5, 0.0, 0.51, 0.22, NUC
0.6, 0.56, 0.47, 0.2, 0.5, 0.0, 0.5, 0.38, NUC
0.5, 0.51, 0.52, 0.09, 0.5, 0.1816776270399982, 0.48, 0.25, NUC
0.46, 0.43, 0.49, 0.79, 0.5, 0.0, 0.49, 0.63, NUC
0.8675731710525167, 0.52, 0.55, 0.19, 0.5, 0.0, 0.54, 0.22, CYT
0.61, 0.3, 0.59, 0.12, 0.5, 0.0, 0.49, 0.27, NUC
0.78, 0.7, 0.32, 0.23, 0.5, 0.0, 0.53, 0.22, ME1
0.52, 0.75, 0.37, 0.14, 0.9878674547625397, 0.0, 0.46, 0.22, ME3
0.59, 0.58, 0.46, 0.19, 0.5, 0.0, 0.56, 0.27, CYT
0.53, 0.68, 0.42, 0.19, 0.5, 0.0, 0.53, 0.22, ME3
0.73, 0.55, 0.41, 0.16, 0.5, 0.0, 0.46, 0.22, ME2
0.77, 0.87, 0.47, 0.37, 0.5, 0.0, 0.48, 0.22, EXC
0.43, 0.51, 0.48, 0.14, 0.5, 0.0, 0.5792562685299796, 0.22, CYT
0.33, 0.44, 0.30854500385433087, 0.08, 0.5, 0.0, 0.48, 0.49, NUC
0.47, 0.47, 0.58, 0.16, 0.5, 0.0, 0.49, 0.28, CYT
0.37, 0.34, 0.32, 0.22, 0.5, 0.0, 0.56, 0.22, ME3
0.37, 0.43, 0.62, 0.27, 0.5, 0.0, 0.48, 0.22, NUC
0.7, 0.69, 0.43, 0.33, 0.5, 0.0, 0.58, 0.22, ME1
0.9833479943367066, 0.35, 0.46, 0.15, 0.5, 0.0, 0.51, 0.42, CYT
0.59, 0.65, 0.52, 0.3, 0.5, 0.0, 0.46, 0.31, CYT
0.54, 0.56, 0.57, 0.18, 0.5, 0.0, 0.45, 0.25, NUC
0.49, 0.43, 0.48, 0.15, 0.5, 0.0, 0.55, 0.25, CYT
0.49, 0.47, 0.52, 0.16, 0.5, 0.7053665421822496, 0.53, 0.28, CYT
0.49, 0.42, 0.54, 0.17, 0.5, 0.0, 0.5, 0.36, CYT
0.2, 0.34, 0.33, 0.897883332310683, 0.5, 0.0, 0.48, 0.31, ME3
0.55, 0.41, 0.56, 0.21, 0.5, 0.0, 0.52, 0.22, CYT
0.28, 0.51, 0.55, 0.11, 0.5, 0.0, 0.46, 0.22, NUC
0.56, 0.57, 0.63, 0.39, 0.5151600424468424, 0.0, 0.59, 0.4, NUC
0.35, 0.4, 0.53, 0.18, 0.5, 0.0, 0.42, 0.38, CYT
0.47, 0.45, 0.53, 0.62, 0.5, 0.0, 0.36463741235775815, 0.22, MIT
0.39, 0.39, 0.55, 0.52, 0.5, 0.0, 0.37, 0.16, NUC
0.48, 0.7268730897751807, 0.5, 0.09, 0.5, 0.0, 0.52, 0.42, NUC
0.44, 0.41, 0.58, 0.2, 0.5, 0.0, 0.57, 0.25, CYT
0.45, 0.56, 0.51, 0.64, 0.5, 0.0, 0.54, 0.22, MIT
0.44, 0.53, 0.52, 0.37, 0.5, 0.0, 0.5, 0.22, NUC
0.41, 0.3, 0.49, 0.28, 0.5, 0.0, 0.54, 0.22, CYT
0.51, 0.43, 0.63, 0.18, 0.5, 0.0, 0.52, 0.22, CYT
0.47, 0.59, 0.43, 0.13, 0.5, 0.0, 0.56, 0.3, ME3
0.4, 0.45, 0.42, 0.17, 0.5, 0.0, 0.54, 0.26, ME3
0.49, 0.41, 0.32, 0.21, 0.5, 0.0, 0.5, 0.32, ME3
0.35, 0.53, 0.35, 0.33, 0.5, 0.0, 0.5, 0.32, ME3
0.46, 0.41, 0.5, 0.801344196498707, 0.5, 0.0, 0.53, 0.22, MIT
0.7, 0.73, 0.37, 0.37, 0.5, 0.0, 0.48, 0.31, ME1
0.23, 0.34, 0.41, 0.28, 0.5, 0.0, 0.427149658663466, 0.27, NUC
0.34, 0.31, 0.6, 0.37, 0.5, 0.0, 0.5, 0.010941312185242146, NUC
0.38, 0.49, 0.54, 1.0, 0.5, 0.0, 0.5, 0.27, CYT
0.27, 0.56, 0.56, 0.18, 0.5, 0.0, 0.52, 0.22, CYT
0.76, 0.74, 0.56, 0.34, 0.5, 0.0, 0.51, 0.3, ME2
0.42, 0.32, 0.48, 0.16, 0.5, 0.0, 0.55, 0.22, VAC
0.11479437553901095, 0.34, 0.46, 0.19, 0.5, 0.0, 0.52, 0.22, ME2
0.44, 0.8187638782008467, 0.44, 0.13, 0.5, 0.0, 0.49, 0.42, NUC
0.46, 0.14, 0.36, 0.21, 0.5, 0.0, 0.5, 0.25, ME3
0.39, 0.37, 0.8165181229185589, 0.15, 0.5, 0.0, 0.5, 0.27, CYT
0.47, 0.54, 0.54, 0.48, 0.5, 0.0, 0.53, 0.26, MIT
0.72, 0.58, 0.42, 0.28, 0.5, 0.0, 0.48, 0.22, MIT
0.81, 0.65, 0.52, 0.41, 0.5, 0.19009329843104195, 0.020875856785773264, 0.26, MIT
0.62, 0.6, 0.47, 0.16, 0.5, 0.0, 0.53, 0.22, CYT
0.4, 0.53, 0.61, 0.21, 0.5, 0.0, 0.48, 0.33, NUC
0.46, 0.42, 0.6, 0.21, 0.5, 0.0, 0.4, 0.22, EXC
0.4927100864291913, 0.74, 0.3534112024408326, 0.33, 0.5, 0.0, 0.48, 0.22, EXC
0.74, 0.56, 0.35, 0.36, 0.5, 0.0, 0.51, 0.25, ME2
0.67, 0.51, 0.54, 0.21, 0.5, 0.0, 0.43, 0.3, MIT
0.5, 0.46, 0.64, 0.36, 0.5, 0.0, 0.49, 0.22, MIT
0.6, 0.46, 0.59, 0.16, 0.5, 0.19026537912903943, 0.49, 0.22, MIT
0.58, 0.53, 0.57, 0.46, 0.9029207250342985, 0.0, 0.51, 0.27, MIT
0.61, 0.46, 0.51, 0.37, 0.5, 0.0, 0.51, 0.22, MIT
0.53, 0.4, 0.57, 0.6450881279644296, 0.5, 0.0, 0.53, 0.32, NUC
0.46, 0.44, 0.53, 0.31, 0.6915772288785262, 0.0, 0.48, 0.22, MIT
0.57, 0.4, 0.48, 0.24, 0.5, 0.0, 0.55, 0.22, CYT
0.39, 0.35, 0.49, 0.17, 0.5, 0.0, 0.49, 0.22, NUC
0.43, 0.4, 0.5, 0.18, 0.5, 0.0, 0.5, 0.28, CYT
0.81, 0.79, 0.32, 0.37, 0.5, 0.0, 0.41, 0.22, ME1
0.53, 0.61, 0.51, 0.49, 0.5, 0.0, 0.54, 0.27, MIT
0.35, 0.44, 0.54, 0.26, 0.5, 0.0, 0.52, 0.26, NUC
0.29, 0.34, 0.55, 0.24, 0.5, 0.7226841115561975, 0.15384322000524103, 0.22, CYT
0.47, 0.47, 0.5, 0.15, 0.5, 0.0, 0.5, 0.48, NUC
0.48, 0.49, 0.45, 0.23, 0.5, 0.0, 0.51, 0.22, ME3
0.76, 0.67, 0.37, 0.22, 0.5, 0.0, 0.54, 0.22, ME2
0.1353492403718059, 0.48, 0.56, 0.16, 0.5, 0.0, 0.48, 0.26, CYT
0.5, 0.5, 0.54, 0.16, 0.5, 0.0, 0.49, 0.22, POX
0.53, 0.51, 0.36, 0.13, 0.5, 0.0, 0.52, 0.22, ME3
0.37, 0.42, 0.6, 0.13, 0.5, 0.0, 0.51, 0.009552465753991265, NUC
0.74, 0.89, 0.32, 0.24, 0.5, 0.0, 0.54, 0.32, ME1
0.67, 0.46, 0.58, 0.3, 0.6370456342438808, 0.0, 0.5062990132873643, 0.27, NUC
0.26, 0.28, 0.6, 0.2, 0.5, 0.0, 0.54, 0.31, MIT
0.9189501610512263, 0.45, 0.58, 0.21, 0.6377097998367878, 0.0, 0.49, 0.22, MIT
0.47, 0.49, 0.6, 0.15, 0.5, 0.0, 0.38, 0.22, CYT
0.46, 0.46, 0.6900503170793062, 0.23, 0.5, 0.638405107084756, 0.51, 0.22, CYT
0.43, 0.45, 0.53, 0.19, 0.5, 0.0, 0.56, 0.22, CYT
0.48, 0.46, 0.58, 0.26, 0.5, 0.0, 0.44, 0.22, NUC
0.77, 0.72, 0.48, 0.26, 0.5, 0.0, 0.51, 0.22, EXC
0.44, 0.42, 0.57, 0.22, 0.5, 0.0, 0.5, 0.25, NUC
0.53, 0.54, 0.43, 0.18, 0.5, 0.0, 0.53, 0.31, NUC
0.38, 0.45, 0.37, 0.19, 0.5, 0.0, 0.52, 0.3, ME3
0.47, 0.54, 0.53, 0.77, 0.5, 0.0, 0.52, 0.36, MIT
0.77, 0.73, 0.51, 0.9771271580776961, 0.5, 0.0, 0.34, 0.22, EXC
0.36, 0.39, 0.54, 0.16, 0.5, 0.0, 0.5, 0.28, NUC
0.37, 0.48, 0.5, 0.26, 0.5, 0.0, 0.52, 0.39, NUC
0.5, 0.45, 0.53, 0.21, 0.5, 0.0, 0.28, 0.22, NUC
0.46, 0.37, 0.48, 0.36, 0.5, 0.0, 0.48, 0.22, POX
0.55, 0.63, 0.54, 0.16, 0.5, 0.0, 0.45, 0.27, CYT
0.53, 0.59, 0.48, 0.14, 0.5, 0.0, 0.51, 0.22, CYT
0.33, 0.39, 0.52, 0.09, 0.5, 0.0, 0.47, 0.28, NUC
0.3, 0.3, 0.46, 0.32, 0.5, 0.0, 0.45, 0.22, NUC
0.52, 0.37, 0.48, 0.13, 0.5, 0.0, 0.55, 0.22, NUC
0.59, 0.46, 0.48, 0.46, 0.5, 0.0, 0.49, 0.22, CYT
0.51, 0.46, 0.4, 0.65, 0.5, 0.0, 0.49, 0.22, MIT
0.81, 0.55, 0.35, 0.34, 0.5, 0.0, 0.51, 0.22, ME2
0.53, 0.45, 0.53, 0.18, 0.5, 0.0, 0.42, 0.22, CYT
0.58, 0.53, 0.33, 0.26, 0.5, 0.0, 0.51, 0.22, ME3
0.43, 0.4353380454274216, 0.5, 0.21, 0.5, 0.0, 0.49, 0.34, CYT
0.24, 0.41, 0.47, 0.16, 0.5, 0.0, 0.51, 0.38, NUC
0.61, 0.39, 0.53, 0.14, 0.5, 0.0, 0.43, 0.26, NUC
0.43, 0.48, 0.53, 0.18, 0.5, 0.0, 0.46, 0.22, NUC
0.55, 0.59, 0.53, 0.15, 0.5, 0.0, 0.49, 0.22, NUC
0.48, 0.47, 0.59, 0.41, 0.5, 0.0, 0.56, 0.27, NUC
0.54, 0.53, 0.53, 0.17, 0.5, 0.0, 0.51, 0.39, NUC
0.44, 0.45, 0.53, 0.19, 0.5, 0.0, 0.41, 0.5992040852082903, NUC
0.46, 0.41, 0.58, 0.1, 0.5, 0.0, 0.48, 0.22, NUC
0.4, 0.66, 0.34, 0.21, 0.5, 0.0, 0.52, 0.26, NUC
0.56, 0.51, 0.32, 0.49, 0.5, 0.0, 0.48, 0.22, NUC
0.47, 0.45, 0.51, 0.33, 0.5, 0.0, 0.46, 0.26, NUC
0.38, 0.4, 0.59, 0.25, 0.5, 0.7683220019234163, 0.44, 0.22, CYT
0.54, 0.55, 0.56, 0.14, 0.5, 0.0, 0.5, 0.25, CYT
0.45, 0.5, 0.57, 0.29, 0.5, 0.0, 0.44, 0.11, CYT
0.51, 0.39, 0.58, 0.19, 0.5, 0.0, 0.47, 0.22, CYT
0.34, 0.6485910768431125, 0.47, 0.4428832476127155, 0.5, 0.0, 0.5, 0.3, NUC
0.54, 0.57, 0.55, 0.18, 0.5, 0.0, 0.5, 0.22, NUC
0.34, 0.47, 0.48, 0.32, 0.5, 0.0, 0.42, 0.22, NUC
0.29, 0.4, 0.5, 0.16, 0.5, 0.0, 0.51, 0.34, NUC
0.59, 0.51, 0.48, 0.12, 0.5, 0.0, 0.54, 0.7041497469656518, CYT
0.72, 0.37, 0.63, 0.38, 0.5, 0.0, 0.4, 0.14, CYT
0.63, 0.64, 0.45, 0.26, 0.5, 0.0, 0.43, 0.22, CYT
0.43, 0.33, 0.67, 0.12, 0.5, 0.0, 0.45, 0.23, CYT
0.38, 0.43, 0.53, 0.7339184174160283, 0.5, 0.0, 0.48, 0.11, CYT
0.43, 0.22, 0.79, 0.79, 0.5, 0.0, 0.22, 0.0, CYT
0.35, 0.21, 1.0, 0.8, 0.5, 0.0, 0.13, 0.01, CYT
0.56, 0.35, 0.47, 0.35, 0.5, 0.0, 0.52, 0.22, CYT
0.48, 0.46, 0.58, 0.16, 0.5, 0.0, 0.45, 0.22, CYT
0.48, 0.55, 0.48, 0.1, 0.5, 0.4318566599073486, 0.55, 0.22, CYT
0.78, 0.35042874963731246, 0.56, 0.21, 0.5, 0.0, 0.69, 0.22, CYT
0.42, 0.49, 0.49, 0.36, 0.5211442248013672, 0.0, 0.57, 0.26, MIT
0.46, 0.54, 0.59, 0.41, 0.5, 0.0, 0.53, 0.21, CYT
0.53, 0.3355570907577773, 0.6, 0.36, 0.5, 0.0, 0.5, 0.22, CYT
0.37, 0.3, 0.62, 0.43, 0.5, 0.0, 0.44, 0.39, CYT
0.41, 0.46, 0.58, 0.08, 0.5, 0.0, 0.51, 0.28, NUC
0.57, 0.5, 0.4, 0.08, 0.5, 0.0, 0.47, 0.22, ME3
0.34, 0.25, 0.55, 0.28, 0.5, 0.0, 0.51, 0.49, CYT
0.59, 0.54, 0.53, 0.14, 0.938379507846753, 0.0, 0.48, 0.22, CYT
0.39, 1.0, 0.38, 0.41, 0.5, 0.0, 0.5, 0.27, MIT
0.39, 0.46, 0.33, 0.18, 0.5, 0.0, 0.3097667296276816, 0.22, ME3
0.55, 0.52, 0.44, 0.2, 0.5, 0.0, 0.56, 0.22, ME2
0.58, 0.56, 0.46, 0.14, 0.5, 0.0, 0.51, 0.22, CYT
0.46, 0.38, 0.51, 0.2, 0.5, 0.0, 0.51, 0.22, CYT
0.55, 0.72, 0.35, 0.26, 0.5, 0.0, 0.49, 0.22, ME3
0.59, 0.55, 0.57, 0.18, 0.5, 0.0, 0.51, 0.22, CYT
0.48, 0.51, 0.5, 0.24, 0.5, 0.0, 0.54, 0.38, CYT
0.47, 0.52, 0.54, 0.25, 0.5, 0.0, 0.54, 0.29, MIT
0.4461558585232486, 0.6230826626818353, 0.57, 0.34, 0.5, 0.0, 0.49, 0.22, NUC
0.53, 0.49, 0.47, 0.21, 0.5, 0.0, 0.53, 0.22, CYT
0.46, 0.56, 0.56, 0.25, 0.5, 0.0, 0.43, 0.22, NUC
0.37, 0.55, 0.52, 0.13, 0.5, 0.0, 0.42, 0.5282445572149578, CYT
0.52, 0.65, 0.7744749272299174, 0.37, 0.5, 0.0, 0.52, 0.34, ME3
0.19, 0.16, 0.68, 0.36, 0.5, 0.0, 0.49, 0.21, NUC
0.47, 0.56, 0.8840782366399835, 0.2, 0.5, 0.0, 0.52, 0.59, NUC
0.54, 0.6, 0.57, 0.17, 0.5, 0.0, 0.44, 0.22, NUC
0.45, 0.57, 0.38, 0.28, 0.5, 0.0, 0.53, 0.31, ME3
0.52, 0.47, 0.58, 0.18, 0.5, 0.0, 0.34, 0.11, CYT
0.57, 0.55, 0.51, 0.18, 0.5, 0.274130271513511, 0.51, 0.43, NUC
0.27, 0.46, 0.52, 0.17, 0.5, 0.5935895616639381, 0.49, 0.44, NUC
0.52, 0.45, 0.45, 0.13, 0.5, 0.0, 0.48, 0.22, NUC
0.44, 0.59, 0.54, 0.18, 0.5, 0.0, 0.49, 0.22, NUC
0.23, 0.13, 0.51, 0.16, 0.5, 0.0, 0.53, 0.51, NUC
0.49, 0.48, 0.51, 0.21, 0.5, 0.0, 0.53, 0.22, NUC
0.6, 0.62, 0.54, 0.11, 0.5, 0.0, 0.51, 0.4414839084356753, NUC
0.31, 0.4166972559356823, 0.54, 0.32, 0.5, 0.0, 0.53, 0.31, NUC
0.53, 0.48, 0.51, 0.18, 0.5, 0.0, 0.52, 0.27, CYT
0.51, 0.48, 0.51, 0.3365405076966948, 0.5, 0.0, 0.51, 0.27, CYT
0.38, 0.42, 0.47, 0.12, 0.5, 0.06279799643037794, 0.47, 0.53, NUC
0.3, 0.45, 0.55, 0.19, 0.5, 0.0, 0.53, 0.4, CYT
0.74, 0.82, 0.46, 0.24, 0.5, 0.06657158972848477, 0.48, 0.9833768384958098, EXC
0.58, 0.37, 0.58, 0.16, 0.5, 0.0, 0.51, 0.39673689086845537, NUC
0.43, 0.28, 0.41, 0.32, 0.5, 0.0, 0.52, 0.22, ME3
0.41, 0.49, 0.55, 0.13, 0.5, 0.0, 0.55, 0.22, CYT
0.23, 0.23383774147691153, 0.46, 0.0, 0.5, 0.0, 0.18879400072125577, 0.31, CYT
0.61, 0.54, 0.54, 0.38, 0.5, 0.0, 0.1778345091915304, 0.29, MIT
0.55, 0.38, 0.52, 0.16, 0.5, 0.0, 0.49, 0.64, NUC
0.41, 0.56, 0.53, 0.7362129459474731, 0.5, 0.0, 0.55, 0.26, NUC
0.31, 0.4, 0.31, 0.17, 0.5, 0.0, 0.52, 0.22, ME3
0.59, 0.48, 0.49, 0.42, 0.5, 0.0, 0.52, 0.22, CYT
0.54, 0.55, 0.55, 0.22339936816678369, 0.5, 0.0, 0.53, 0.22, CYT
0.44, 0.54, 0.51, 0.16, 0.5, 0.0, 0.58, 0.22, CYT
0.79, 0.56, 0.53, 0.19, 0.5, 0.0, 0.23952458006551597, 0.9285303221383435, CYT
0.6500765197165489, 0.5, 0.6, 0.2, 0.5, 0.0, 0.52, 0.22, CYT
0.61, 0.73, 0.5, 0.58, 0.5, 0.0, 0.5, 0.22, MIT
0.5, 0.21197606977121347, 0.56, 0.17, 0.5, 0.0, 0.35, 0.22, NUC
0.5, 0.44, 0.57, 0.28, 0.5, 0.0, 0.57, 0.22, CYT
0.6, 0.57, 0.63, 0.22, 0.5, 0.6757385660395349, 0.5, 0.49, NUC
0.56, 0.49, 0.47, 0.13, 0.5, 0.0, 0.52, 0.22, NUC
0.73, 0.59, 0.35, 0.15, 0.5, 0.0, 0.54, 0.22, VAC
0.6, 0.37, 0.52, 0.15, 0.5, 0.004036684817177403, 0.55, 0.26, VAC
0.64, 0.61, 0.56, 0.31421357610128203, 0.5, 0.0, 0.54, 0.22, VAC
0.63, 0.2466439645217368, 0.52, 0.21, 0.5, 0.0, 0.5, 0.22, CYT
0.56, 0.68, 0.42, 0.36, 0.5, 0.0, 0.49, 0.22, CYT
0.64, 0.56, 0.29772098980325296, 0.17, 0.5, 0.0, 0.54, 0.47, NUC
0.69, 0.66, 0.36, 0.09, 0.5, 0.0, 0.6294715638899877, 0.22, ME1
0.4, 0.45, 0.45, 0.15, 0.5, 0.0, 0.53, 0.48, NUC
0.39, 0.43205122359843257, 0.41, 0.27, 0.5, 0.0, 0.6149509177717731, 0.22, ME3
0.45, 0.51, 0.7790234388269073, 0.22, 0.5, 0.0, 0.57, 0.22, NUC
0.77, 0.78, 0.27, 0.37, 0.5, 0.0, 0.49, 0.22, ME1
0.57, 0.53, 0.6, 0.28, 0.5, 0.14763185500577833, 0.52, 0.45, NUC
0.33, 0.49, 0.46, 0.22, 0.5, 0.0, 0.53, 0.33, ME3
0.28, 0.41, 0.46, 0.18, 0.5, 0.0, 0.47, 0.39, NUC
0.24, 0.2531262108946979, 0.57, 0.28, 0.5, 0.0, 0.51, 0.11, CYT
0.43, 0.41, 0.37, 0.18, 0.5, 0.0, 0.54, 0.31, ME3
0.46, 0.59, 0.38, 0.12, 0.5, 0.0, 0.5, 0.22, ME3
0.59, 0.48, 0.49, 0.49, 0.5, 0.0, 0.36, 0.32, CYT
0.61, 0.76, 0.3, 0.16, 0.5, 0.0, 0.45, 0.41, ME3
0.33, 0.38, 0.47, 0.14, 0.5, 0.0, 0.51, 0.47, NUC
0.39, 0.33, 0.33, 0.23, 0.5, 0.0, 0.47, 0.22, ME3
0.86, 0.78, 0.34, 0.15, 0.5, 0.0, 0.53, 0.22, ME2
0.72, 0.73, 0.41, 0.28, 0.5, 0.0, 0.44, 0.22, ME1
0.46, 0.62, 0.46, 0.54, 0.5, 0.0, 0.51, 0.27, MIT
0.39, 0.58, 0.47, 0.18, 0.6800217829132503, 0.0, 0.48, 0.22, MIT
0.38, 0.7552550616802777, 0.47, 0.18, 0.782357014432167, 0.0, 0.44, 0.26, MIT
0.554226387355995, 0.57, 0.5, 0.48, 0.5, 0.0, 0.51, 0.22, MIT
0.6, 0.61, 0.54, 0.42454804303696103, 0.5, 0.0, 0.46, 0.22, CYT
0.81, 0.62, 0.43, 0.17, 0.5, 0.0, 0.5134141811573445, 0.22, ME2
0.49, 0.39, 0.52, 0.29, 0.5, 0.0, 0.48, 0.22, EXC
0.42, 0.35, 0.54, 0.18, 0.5, 0.0, 0.56, 0.22, CYT
0.11840112810684394, 0.44, 0.49, 0.47, 0.5, 0.0, 0.49, 0.27, NUC
0.41, 0.4, 0.59, 0.47, 0.5, 0.0, 0.48, 0.43, CYT
0.39, 0.44, 0.28, 0.12, 0.5, 0.0, 0.46, 0.27, ME3
0.69, 0.6, 0.47950489490747106, 0.13, 0.5, 0.83, 0.52, 0.22, POX
0.48, 0.35, 0.36036207818667454, 0.21, 0.5, 0.0, 0.57, 0.22, CYT
0.56, 0.44, 0.56, 0.19, 0.5, 0.0, 0.54, 0.22, CYT
0.49, 0.37, 0.59, 0.27001094125909986, 0.5, 0.0, 0.51, 0.22, NUC
0.83, 0.53, 0.52, 0.2, 0.5, 0.0, 0.48, 0.25, ME2
0.53, 0.42, 0.58, 0.29, 0.5, 0.0, 0.5, 0.22, MIT
0.57, 0.58, 0.58, 0.35, 0.5, 0.0, 0.49, 0.22, MIT
0.37, 0.51, 0.57, 0.4, 0.5, 0.0, 0.48, 0.27, MIT
0.38, 0.62, 0.52, 0.14, 0.5, 0.0, 0.53, 0.22, CYT
0.16003842332866938, 0.42, 0.57, 0.49, 0.5, 0.0, 0.48, 0.9594168483650817, NUC
0.48, 0.48, 0.56, 0.18, 0.5, 0.0, 0.58, 0.22, CYT
0.35, 0.42, 0.56, 0.28, 0.5, 0.0, 0.47, 0.22, NUC
0.53, 0.51, 0.54, 0.21, 0.5, 0.0, 0.45, 0.22, NUC
0.49, 0.38, 0.49, 0.15, 0.5, 0.0, 0.53, 0.25, NUC
0.66, 0.54, 0.53, 0.17, 0.5, 0.0, 0.54, 0.22, CYT
0.43, 0.48, 0.36, 0.26, 0.5, 0.0, 0.52, 0.22, ME3
0.34841318031736024, 0.61, 0.55, 0.29, 0.5, 0.0, 0.49, 0.22, MIT
0.83, 0.9948543696186631, 0.32, 0.21, 0.5, 0.0, 0.2137513044787923, 0.22, ME1
